   5.12000000000000       -41.6981048833783     
   5.16000000000000       -37.7841792943728     
   5.20000000000000       -36.3212335885592     
   5.24000000000000       -35.0087719301027     
   5.28000000000000       -33.8306092134715     
   5.32000000000000       -32.7701643776143     
   5.36000000000000       -31.8092025956633     
   5.40000000000000       -30.9341552336822     
   5.44000000000000       -30.1500085175598     
   5.48000000000000       -29.4642903969026     
   5.52000000000000       -28.8676259869260     
   5.56000000000000       -28.3370277175648     
   5.60000000000000       -27.8505982756516     
   5.64000000000000       -27.3957283591910     
   5.68000000000000       -26.9652885421121     
   5.72000000000000       -26.4969920241887     
   5.76000000000000       -26.1074928465253     
   5.80000000000000       -25.7473097993164     
   5.84000000000000       -25.4143205990587     
   5.88000000000000       -25.1029949448143     
   5.92000000000000       -24.8194867600942     
   5.96000000000000       -24.5485635964576     
   6.00000000000000       -24.3004868593189     
   6.04000000000000       -24.0761334897955     
   6.08000000000000       -23.8718609335142     
   6.12000000000000       -23.6899580867303     
   6.16000000000000       -23.5292400382005     
   6.20000000000000       -23.3914398446254     
   6.24000000000000       -23.2738084522783     
   6.28000000000000       -23.1741564072106     
   6.32000000000000       -23.0898409235500     
   6.36000000000000       -23.0206506087024     
   6.40000000000000       -22.9664226601064     
   6.44000000000000       -22.9238826263344     
   6.48000000000000       -22.8895005245946     
   6.52000000000000       -22.8578768868703     
   6.56000000000000       -22.8254636897743     
   6.60000000000000       -22.7922568706757     
   6.64000000000000       -22.7591962398880     
   6.68000000000000       -22.7287600873064     
   6.72000000000000       -22.7019472862518     
   6.76000000000000       -22.6811873187199     
   6.80000000000000       -22.6687389617650     
   6.84000000000000       -22.6674361177907     
   6.88000000000000       -22.6785666618072     
   6.92000000000000       -22.7007970101450     
   6.96000000000000       -22.7311364143163     
   7.00000000000000       -22.7659243218029     
   7.04000000000000       -22.8045633807527     
   7.08000000000000       -22.8474150909480     
   7.12000000000000       -22.8938907319233     
   7.16000000000000       -22.9414544091698     
   7.20000000000000       -22.9862946329603     
   7.24000000000000       -23.0252706619123     
   7.28000000000000       -23.0571907554910     
   7.32000000000000       -23.0827350732422     
   7.36000000000000       -23.1027948190222     
   7.40000000000000       -23.1187875543003     
   7.44000000000000       -23.1316240961910     
   7.48000000000000       -23.1422107695146     
   7.52000000000000       -23.1513392059031     
   7.56000000000000       -23.1593914314359     
   7.60000000000000       -23.1665106891977     
   7.64000000000000       -23.1733432438552     
   7.68000000000000       -23.1799394298352     
   7.72000000000000       -23.1864687813624     
   7.76000000000000       -23.1929208144006     
   7.80000000000000       -23.1998173226387     
   7.84000000000000       -23.2066604821557     
   7.88000000000000       -23.2134395106943     
   7.92000000000000       -23.2207261751938     
   7.96000000000000       -23.2275992177989     
   8.00000000000000       -23.2345697393783     
   8.04000000000000       -23.2417948269748     
   8.08000000000000       -23.2490149143207     
   8.12000000000000       -23.2562906937997     
   8.16000000000000       -23.2638111321437     
   8.20000000000000       -23.2714975280164     
   8.24000000000000       -23.2791793356328     
   8.28000000000000       -23.2871184840314     
   8.32000000000000       -23.2953481024796     
   8.36000000000000       -23.3038441145939     
   8.40000000000000       -23.3126596009742     
   8.44000000000000       -23.3216444436237     
   8.48000000000000       -23.3305399281596     
   8.52000000000000       -23.3395841261600     
   8.56000000000000       -23.3489101887370     
