   5.12000000000000       -41.6981048833783     
   5.16000000000000       -37.7841792943728     
   5.20000000000000       -36.3212335885592     
   5.24000000000000       -35.0087719301027     
   5.28000000000000       -33.8306092134715     
   5.32000000000000       -32.7701643776143     
   5.36000000000000       -31.8092025956633     
   5.40000000000000       -30.9341552336822     
   5.44000000000000       -30.1500085175598     
   5.48000000000000       -29.4642903969026     
   5.52000000000000       -28.8676259869260     
   5.56000000000000       -28.3370277175648     
   5.60000000000000       -27.8505982756516     
   5.64000000000000       -27.3957283591910     
   5.68000000000000       -26.9652885421121     
   5.72000000000000       -26.4969920241887     
   5.76000000000000       -26.1074928465253     
   5.80000000000000       -25.7473097993164     
   5.84000000000000       -25.4143205990587     
   5.88000000000000       -25.1029949448143     
   5.92000000000000       -24.8194867600942     
   5.96000000000000       -24.5485635964576     
   6.00000000000000       -24.3004868593189     
   6.04000000000000       -24.0761334897955     
   6.08000000000000       -23.8718609335142     
   6.12000000000000       -23.6899578740427     
   6.16000000000000       -23.5292391567962     
   6.20000000000000       -23.3914373845367     
   6.24000000000000       -23.2738020073717     
   6.28000000000000       -23.1741384428607     
   6.32000000000000       -23.0898007608414     
   6.36000000000000       -23.0205671338525     
   6.40000000000000       -22.9662606914309     
   6.44000000000000       -22.9235856813013     
   6.48000000000000       -22.8889960559125     
   6.52000000000000       -22.8570258191149     
   6.56000000000000       -22.8241725825877     
   6.60000000000000       -22.7903962590439     
   6.64000000000000       -22.7565801881800     
   6.68000000000000       -22.7251632879365     
   6.72000000000000       -22.6970881635444     
   6.76000000000000       -22.6747816304341     
   6.80000000000000       -22.6603323597033     
   6.84000000000000       -22.6562797320445     
   6.88000000000000       -22.6635840980829     
   6.92000000000000       -22.6806867368850     
   6.96000000000000       -22.7043590212858     
   7.00000000000000       -22.7303901675528     
   7.04000000000000       -22.7581219486168     
   7.08000000000000       -22.7875910417618     
   7.12000000000000       -22.8175308501662     
   7.16000000000000       -22.8460065782852     
   7.20000000000000       -22.8697408722297     
   7.24000000000000       -22.8866607369624     
   7.28000000000000       -22.8962920395652     
   7.32000000000000       -22.8999214954532     
   7.36000000000000       -22.8985265077819     
   7.40000000000000       -22.8935816423376     
   7.44000000000000       -22.8858529111553     
   7.48000000000000       -22.8763756884141     
   7.52000000000000       -22.8655267675779     
   7.56000000000000       -22.8540118917265     
   7.60000000000000       -22.8420762462333     
   7.64000000000000       -22.8304043220134     
   7.68000000000000       -22.8191109080065     
   7.72000000000000       -22.8085341739424     
   7.76000000000000       -22.7987580475897     
   7.80000000000000       -22.7902344001467     
   7.84000000000000       -22.7827503747984     
   7.88000000000000       -22.7764150287094     
   7.92000000000000       -22.7714723490416     
   7.96000000000000       -22.7674770456977     
   8.00000000000000       -22.7645066515648     
   8.04000000000000       -22.7634841514701     
   8.08000000000000       -22.7622256041766     
   8.12000000000000       -22.7616274201230     
   8.16000000000000       -22.7618610230115     
   8.20000000000000       -22.7627878898421     
   8.24000000000000       -22.7641287977400     
   8.28000000000000       -22.7660907999521     
   8.32000000000000       -22.7686196224105     
   8.36000000000000       -22.7716820418611     
   8.40000000000000       -22.7753351411203     
   8.44000000000000       -22.7794709027682     
   8.48000000000000       -22.7837290349194     
   8.52000000000000       -22.7883554698881     
   8.56000000000000       -22.7934582616727     
