   5.80000000000000       -40.4329755169647     
   5.84000000000000       -37.1318430794581     
   5.88000000000000       -35.7668256368804     
   5.92000000000000       -34.6504751796960     
   5.96000000000000       -33.5261028701372     
   6.00000000000000       -32.2250124265350     
   6.04000000000000       -31.3578195953273     
   6.08000000000000       -30.5688542420390     
   6.12000000000000       -29.8648091284304     
   6.16000000000000       -29.2116686928986     
   6.20000000000000       -28.6295544561250     
   6.24000000000000       -28.1009204537012     
   6.28000000000000       -27.5568198102644     
   6.32000000000000       -27.1243114316762     
   6.36000000000000       -26.7367096111521     
   6.40000000000000       -26.3948319452607     
   6.44000000000000       -26.0888291228338     
   6.48000000000000       -25.8241265218396     
   6.52000000000000       -25.5653423301364     
   6.56000000000000       -25.3517247091045     
   6.60000000000000       -25.1594370070933     
   6.64000000000000       -24.9780313250622     
   6.68000000000000       -24.8088296628678     
   6.72000000000000       -24.6507343259213     
   6.76000000000000       -24.5091980660583     
   6.80000000000000       -24.3776863805796     
   6.84000000000000       -24.2520926489283     
   6.88000000000000       -24.1332243394894     
   6.92000000000000       -24.0250061535103     
   6.96000000000000       -23.9275622306824     
   7.00000000000000       -23.8349314458264     
   7.04000000000000       -23.7515828515097     
   7.08000000000000       -23.6773346451349     
   7.12000000000000       -23.6088546816945     
   7.16000000000000       -23.5489724777182     
   7.20000000000000       -23.4951280591300     
   7.24000000000000       -23.4460397049272     
   7.28000000000000       -23.3998276401341     
   7.32000000000000       -23.3562083113564     
   7.36000000000000       -23.3142982899709     
   7.40000000000000       -23.2740215959799     
   7.44000000000000       -23.2348353104368     
   7.48000000000000       -23.1972266850652     
   7.52000000000000       -23.1605520588874     
   7.56000000000000       -23.1255181243173     
   7.60000000000000       -23.0921419971524     
   7.64000000000000       -23.0608516534357     
   7.68000000000000       -23.0315607165809     
   7.72000000000000       -23.0045334233534     
   7.76000000000000       -22.9797473045467     
   7.80000000000000       -22.9574571691539     
   7.84000000000000       -22.9375150378434     
   7.88000000000000       -22.9199398356851     
   7.92000000000000       -22.9046737030211     
   7.96000000000000       -22.8914522266242     
   8.00000000000000       -22.8800575707437     
   8.04000000000000       -22.8715816666899     
   8.08000000000000       -22.8633073300275     
   8.12000000000000       -22.8562487736210     
   8.16000000000000       -22.8505262375225     
   8.20000000000000       -22.8459444356043     
   8.24000000000000       -22.8421438767010     
   8.28000000000000       -22.8393637261482     
   8.32000000000000       -22.8375039987514     
   8.36000000000000       -22.8364710024345     
   8.40000000000000       -22.8362806050537     
   8.44000000000000       -22.8368162546608     
   8.48000000000000       -22.8376444276147     
   8.52000000000000       -22.8390823999319     
   8.56000000000000       -22.8412474212997     
