   5.80000000000000       -40.4329755169647     
   5.84000000000000       -37.1318430794581     
   5.88000000000000       -35.7668256368804     
   5.92000000000000       -34.6504751796960     
   5.96000000000000       -33.5261028701372     
   6.00000000000000       -32.2250124265350     
   6.04000000000000       -31.3578195953273     
   6.08000000000000       -30.5688542420390     
   6.12000000000000       -29.8648091284304     
   6.16000000000000       -29.2116686928986     
   6.20000000000000       -28.6295544561250     
   6.24000000000000       -28.1009204537012     
   6.28000000000000       -27.5568198102644     
   6.32000000000000       -27.1243114316762     
   6.36000000000000       -26.7367096111521     
   6.40000000000000       -26.3948319452607     
   6.44000000000000       -26.0888291228338     
   6.48000000000000       -25.8241265218396     
   6.52000000000000       -25.5653423301364     
   6.56000000000000       -25.3517247091045     
   6.60000000000000       -25.1594370070933     
   6.64000000000000       -24.9780313250622     
   6.68000000000000       -24.8088299425174     
   6.72000000000000       -24.6507349088832     
   6.76000000000000       -24.5091998896459     
   6.80000000000000       -24.3776913546785     
   6.84000000000000       -24.2521051431464     
   6.88000000000000       -24.1332551496923     
   6.92000000000000       -24.0250718514153     
   6.96000000000000       -23.9276920042167     
   7.00000000000000       -23.8351735456149     
   7.04000000000000       -23.7520142202487     
   7.08000000000000       -23.6780680550860     
   7.12000000000000       -23.6100707600496     
   7.16000000000000       -23.5508750427698     
   7.20000000000000       -23.4979734897027     
   7.24000000000000       -23.4501138344977     
   7.28000000000000       -23.4054917636796     
   7.32000000000000       -23.3639020403942     
   7.36000000000000       -23.3242478633827     
   7.40000000000000       -23.2865339024092     
   7.44000000000000       -23.2502119894635     
   7.48000000000000       -23.2157063737699     
   7.52000000000000       -23.1823269625530     
   7.56000000000000       -23.1507355961797     
   7.60000000000000       -23.1208988998182     
   7.64000000000000       -23.0932161318581     
   7.68000000000000       -23.0675883905578     
   7.72000000000000       -23.0442510295414     
   7.76000000000000       -23.0231432882493     
   7.80000000000000       -23.0044912078766     
   7.84000000000000       -22.9881104017117     
   7.88000000000000       -22.9740341810401     
   7.92000000000000       -22.9621979400003     
   7.96000000000000       -22.9523241309725     
   8.00000000000000       -22.9441704051055     
   8.04000000000000       -22.9389820326868     
   8.08000000000000       -22.9335622535460     
   8.12000000000000       -22.9292065642120     
   8.16000000000000       -22.9260508202709     
   8.20000000000000       -22.9239066823059     
   8.24000000000000       -22.9224293501472     
   8.28000000000000       -22.9217886748277     
   8.32000000000000       -22.9218819041921     
   8.36000000000000       -22.9226655312267     
   8.40000000000000       -22.9241903516586     
   8.44000000000000       -22.9263593531703     
   8.48000000000000       -22.9287647631308     
   8.52000000000000       -22.9316519576946     
   8.56000000000000       -22.9351150396897     
