#log[T] redshift massfrac  log[nh] ne/nh     mu    tcool     Lambdanet   ionf[ 1]   ionf[ 2]   ionf[ 3]   ionf[ 4]   ionf[ 5]   ionf[ 6]   ionf[ 7]   
 7.00   0.00     2.067e-03 -4.000  1.209e+00 0.618 4.728e+10 -3.181e-23  0.000e+00  0.000e+00  0.000e+00  8.725e-10  4.831e-06  1.738e-03  9.983e-01 
 6.99   0.00     2.067e-03 -4.000  1.209e+00 0.618 4.622e+10 -3.180e-23  0.000e+00  0.000e+00  0.000e+00  9.683e-10  5.222e-06  1.806e-03  9.982e-01 
 6.98   0.00     2.067e-03 -4.000  1.209e+00 0.618 4.522e+10 -3.177e-23  0.000e+00  0.000e+00  0.000e+00  1.073e-09  5.640e-06  1.874e-03  9.981e-01 
 6.97   0.00     2.067e-03 -4.000  1.209e+00 0.618 4.427e+10 -3.172e-23  0.000e+00  0.000e+00  0.000e+00  1.190e-09  6.095e-06  1.948e-03  9.980e-01 
 6.96   0.00     2.067e-03 -4.000  1.209e+00 0.618 4.338e+10 -3.162e-23  0.000e+00  0.000e+00  0.000e+00  1.325e-09  6.604e-06  2.026e-03  9.980e-01 
 6.95   0.00     2.067e-03 -4.000  1.209e+00 0.618 4.251e+10 -3.153e-23  0.000e+00  0.000e+00  0.000e+00  1.473e-09  7.152e-06  2.107e-03  9.979e-01 
 6.94   0.00     2.067e-03 -4.000  1.209e+00 0.618 4.169e+10 -3.142e-23  0.000e+00  0.000e+00  0.000e+00  1.635e-09  7.741e-06  2.191e-03  9.978e-01 
 6.93   0.00     2.067e-03 -4.000  1.209e+00 0.618 4.091e+10 -3.130e-23  0.000e+00  0.000e+00  0.000e+00  1.817e-09  8.385e-06  2.280e-03  9.977e-01 
 6.92   0.00     2.067e-03 -4.000  1.209e+00 0.618 4.016e+10 -3.115e-23  0.000e+00  0.000e+00  0.000e+00  2.025e-09  9.103e-06  2.376e-03  9.976e-01 
 6.91   0.00     2.067e-03 -4.000  1.209e+00 0.618 3.943e+10 -3.100e-23  0.000e+00  0.000e+00  0.000e+00  2.255e-09  9.874e-06  2.474e-03  9.975e-01 
 6.90   0.00     2.067e-03 -4.000  1.209e+00 0.618 3.874e+10 -3.084e-23  0.000e+00  0.000e+00  0.000e+00  2.508e-09  1.071e-05  2.578e-03  9.973e-01 
 6.89   0.00     2.067e-03 -4.000  1.209e+00 0.618 3.805e+10 -3.068e-23  0.000e+00  0.000e+00  0.000e+00  2.794e-09  1.164e-05  2.686e-03  9.973e-01 
 6.88   0.00     2.067e-03 -4.000  1.209e+00 0.618 3.740e+10 -3.051e-23  0.000e+00  0.000e+00  0.000e+00  3.118e-09  1.265e-05  2.803e-03  9.972e-01 
 6.87   0.00     2.067e-03 -4.000  1.209e+00 0.618 3.675e+10 -3.034e-23  0.000e+00  0.000e+00  0.000e+00  3.478e-09  1.377e-05  2.924e-03  9.970e-01 
 6.86   0.00     2.067e-03 -4.000  1.209e+00 0.618 3.612e+10 -3.017e-23  0.000e+00  0.000e+00  0.000e+00  3.877e-09  1.497e-05  3.052e-03  9.969e-01 
 6.85   0.00     2.067e-03 -4.000  1.209e+00 0.618 3.549e+10 -3.001e-23  0.000e+00  0.000e+00  0.000e+00  4.327e-09  1.630e-05  3.186e-03  9.968e-01 
 6.84   0.00     2.067e-03 -4.000  1.209e+00 0.618 3.487e+10 -2.985e-23  0.000e+00  0.000e+00  0.000e+00  4.838e-09  1.777e-05  3.330e-03  9.967e-01 
 6.83   0.00     2.067e-03 -4.000  1.209e+00 0.618 3.425e+10 -2.969e-23  0.000e+00  0.000e+00  0.000e+00  5.407e-09  1.938e-05  3.481e-03  9.965e-01 
 6.82   0.00     2.067e-03 -4.000  1.209e+00 0.618 3.363e+10 -2.955e-23  0.000e+00  0.000e+00  0.000e+00  6.042e-09  2.113e-05  3.640e-03  9.963e-01 
 6.81   0.00     2.067e-03 -4.000  1.209e+00 0.618 3.302e+10 -2.941e-23  0.000e+00  0.000e+00  0.000e+00  6.756e-09  2.306e-05  3.808e-03  9.962e-01 
 6.80   0.00     2.067e-03 -4.000  1.209e+00 0.618 3.240e+10 -2.930e-23  0.000e+00  0.000e+00  0.000e+00  7.569e-09  2.520e-05  3.987e-03  9.960e-01 
 6.79   0.00     2.067e-03 -4.000  1.209e+00 0.618 3.178e+10 -2.919e-23  0.000e+00  0.000e+00  0.000e+00  8.477e-09  2.755e-05  4.176e-03  9.958e-01 
 6.78   0.00     2.067e-03 -4.000  1.209e+00 0.618 3.115e+10 -2.910e-23  0.000e+00  0.000e+00  0.000e+00  9.493e-09  3.013e-05  4.375e-03  9.956e-01 
 6.77   0.00     2.067e-03 -4.000  1.209e+00 0.618 3.051e+10 -2.903e-23  0.000e+00  0.000e+00  0.000e+00  1.064e-08  3.297e-05  4.587e-03  9.954e-01 
 6.76   0.00     2.067e-03 -4.000  1.209e+00 0.618 2.988e+10 -2.896e-23  0.000e+00  0.000e+00  0.000e+00  1.194e-08  3.613e-05  4.812e-03  9.952e-01 
 6.75   0.00     2.067e-03 -4.000  1.209e+00 0.618 2.924e+10 -2.892e-23  0.000e+00  0.000e+00  0.000e+00  1.340e-08  3.961e-05  5.051e-03  9.949e-01 
 6.74   0.00     2.067e-03 -4.000  1.209e+00 0.618 2.860e+10 -2.890e-23  0.000e+00  0.000e+00  0.000e+00  1.505e-08  4.346e-05  5.304e-03  9.946e-01 
 6.73   0.00     2.067e-03 -4.000  1.209e+00 0.618 2.795e+10 -2.890e-23  0.000e+00  0.000e+00  0.000e+00  1.691e-08  4.771e-05  5.573e-03  9.944e-01 
 6.72   0.00     2.067e-03 -4.000  1.209e+00 0.618 2.731e+10 -2.890e-23  0.000e+00  0.000e+00  0.000e+00  1.902e-08  5.241e-05  5.860e-03  9.940e-01 
 6.71   0.00     2.067e-03 -4.000  1.209e+00 0.618 2.666e+10 -2.894e-23  0.000e+00  0.000e+00  0.000e+00  2.140e-08  5.763e-05  6.165e-03  9.937e-01 
 6.70   0.00     2.067e-03 -4.000  1.209e+00 0.618 2.599e+10 -2.900e-23  0.000e+00  0.000e+00  0.000e+00  2.409e-08  6.344e-05  6.489e-03  9.935e-01 
 6.69   0.00     2.067e-03 -4.000  1.209e+00 0.618 2.534e+10 -2.907e-23  0.000e+00  0.000e+00  0.000e+00  2.713e-08  6.987e-05  6.835e-03  9.931e-01 
 6.68   0.00     2.067e-03 -4.000  1.209e+00 0.618 2.468e+10 -2.916e-23  0.000e+00  0.000e+00  0.000e+00  3.058e-08  7.698e-05  7.204e-03  9.927e-01 
 6.67   0.00     2.067e-03 -4.000  1.209e+00 0.618 2.403e+10 -2.928e-23  0.000e+00  0.000e+00  0.000e+00  3.449e-08  8.493e-05  7.597e-03  9.923e-01 
 6.66   0.00     2.067e-03 -4.000  1.208e+00 0.618 2.335e+10 -2.944e-23  0.000e+00  0.000e+00  0.000e+00  3.894e-08  9.382e-05  8.018e-03  9.919e-01 
 6.65   0.00     2.067e-03 -4.000  1.208e+00 0.618 2.268e+10 -2.962e-23  0.000e+00  0.000e+00  0.000e+00  4.399e-08  1.037e-04  8.468e-03  9.914e-01 
 6.64   0.00     2.067e-03 -4.000  1.208e+00 0.618 2.201e+10 -2.983e-23  0.000e+00  0.000e+00  0.000e+00  4.968e-08  1.146e-04  8.946e-03  9.909e-01 
 6.63   0.00     2.067e-03 -4.000  1.208e+00 0.618 2.132e+10 -3.009e-23  0.000e+00  0.000e+00  0.000e+00  5.619e-08  1.268e-04  9.461e-03  9.904e-01 
 6.62   0.00     2.067e-03 -4.000  1.208e+00 0.618 2.062e+10 -3.041e-23  0.000e+00  0.000e+00  0.000e+00  6.364e-08  1.407e-04  1.001e-02  9.898e-01 
 6.61   0.00     2.067e-03 -4.000  1.208e+00 0.618 1.992e+10 -3.076e-23  0.000e+00  0.000e+00  0.000e+00  7.209e-08  1.561e-04  1.061e-02  9.893e-01 
 6.60   0.00     2.067e-03 -4.000  1.208e+00 0.618 1.922e+10 -3.115e-23  0.000e+00  0.000e+00  0.000e+00  8.161e-08  1.730e-04  1.124e-02  9.886e-01 
 6.59   0.00     2.067e-03 -4.000  1.208e+00 0.618 1.851e+10 -3.161e-23  0.000e+00  0.000e+00  0.000e+00  9.257e-08  1.923e-04  1.192e-02  9.879e-01 
 6.58   0.00     2.067e-03 -4.000  1.208e+00 0.618 1.779e+10 -3.216e-23  0.000e+00  0.000e+00  0.000e+00  1.052e-07  2.142e-04  1.265e-02  9.871e-01 
 6.57   0.00     2.067e-03 -4.000  1.208e+00 0.618 1.706e+10 -3.275e-23  0.000e+00  0.000e+00  0.000e+00  1.195e-07  2.385e-04  1.344e-02  9.863e-01 
 6.56   0.00     2.067e-03 -4.000  1.208e+00 0.618 1.635e+10 -3.340e-23  0.000e+00  0.000e+00  0.000e+00  1.357e-07  2.655e-04  1.427e-02  9.854e-01 
 6.55   0.00     2.067e-03 -4.000  1.208e+00 0.618 1.563e+10 -3.415e-23  0.000e+00  0.000e+00  0.000e+00  1.543e-07  2.961e-04  1.518e-02  9.845e-01 
 6.54   0.00     2.067e-03 -4.000  1.208e+00 0.618 1.489e+10 -3.500e-23  0.000e+00  0.000e+00  0.000e+00  1.760e-07  3.313e-04  1.617e-02  9.835e-01 
 6.53   0.00     2.067e-03 -4.000  1.208e+00 0.618 1.419e+10 -3.592e-23  0.000e+00  0.000e+00  0.000e+00  2.005e-07  3.703e-04  1.723e-02  9.824e-01 
 6.52   0.00     2.067e-03 -4.000  1.208e+00 0.618 1.350e+10 -3.689e-23  0.000e+00  0.000e+00  0.000e+00  2.281e-07  4.138e-04  1.836e-02  9.812e-01 
 6.51   0.00     2.067e-03 -4.000  1.208e+00 0.618 1.282e+10 -3.798e-23  0.000e+00  0.000e+00  0.000e+00  2.604e-07  4.637e-04  1.960e-02  9.800e-01 
 6.50   0.00     2.067e-03 -4.000  1.208e+00 0.618 1.214e+10 -3.919e-23  0.000e+00  0.000e+00  0.000e+00  2.982e-07  5.214e-04  2.095e-02  9.785e-01 
 6.49   0.00     2.067e-03 -4.000  1.208e+00 0.618 1.149e+10 -4.045e-23  0.000e+00  0.000e+00  0.000e+00  3.407e-07  5.853e-04  2.239e-02  9.770e-01 
 6.48   0.00     2.067e-03 -4.000  1.208e+00 0.618 1.088e+10 -4.173e-23  0.000e+00  0.000e+00  0.000e+00  3.888e-07  6.564e-04  2.393e-02  9.754e-01 
 6.47   0.00     2.067e-03 -4.000  1.208e+00 0.618 1.029e+10 -4.315e-23  0.000e+00  0.000e+00  0.000e+00  4.453e-07  7.390e-04  2.563e-02  9.736e-01 
 6.46   0.00     2.067e-03 -4.000  1.208e+00 0.618 9.707e+09 -4.467e-23  0.000e+00  0.000e+00  0.000e+00  5.122e-07  8.355e-04  2.750e-02  9.717e-01 
 6.45   0.00     2.067e-03 -4.000  1.208e+00 0.618 9.167e+09 -4.623e-23  0.000e+00  0.000e+00  0.000e+00  5.870e-07  9.420e-04  2.950e-02  9.695e-01 
 6.44   0.00     2.067e-03 -4.000  1.208e+00 0.618 8.659e+09 -4.783e-23  0.000e+00  0.000e+00  0.000e+00  6.717e-07  1.061e-03  3.164e-02  9.673e-01 
 6.43   0.00     2.067e-03 -4.000  1.208e+00 0.618 8.167e+09 -4.955e-23  0.000e+00  0.000e+00  0.000e+00  7.719e-07  1.200e-03  3.400e-02  9.648e-01 
 6.42   0.00     2.067e-03 -4.000  1.208e+00 0.618 7.690e+09 -5.144e-23  0.000e+00  0.000e+00  1.059e-10  8.919e-07  1.365e-03  3.663e-02  9.620e-01 
 6.41   0.00     2.067e-03 -4.000  1.208e+00 0.618 7.251e+09 -5.330e-23  0.000e+00  0.000e+00  1.259e-10  1.026e-06  1.546e-03  3.942e-02  9.590e-01 
 6.40   0.00     2.067e-03 -4.000  1.208e+00 0.618 6.841e+09 -5.520e-23  0.000e+00  0.000e+00  1.493e-10  1.176e-06  1.748e-03  4.240e-02  9.559e-01 
 6.39   0.00     2.067e-03 -4.000  1.208e+00 0.618 6.444e+09 -5.728e-23  0.000e+00  0.000e+00  1.779e-10  1.356e-06  1.987e-03  4.574e-02  9.523e-01 
 6.38   0.00     2.067e-03 -4.000  1.208e+00 0.618 6.057e+09 -5.955e-23  0.000e+00  0.000e+00  2.132e-10  1.575e-06  2.273e-03  4.949e-02  9.482e-01 
 6.37   0.00     2.067e-03 -4.000  1.208e+00 0.618 5.693e+09 -6.191e-23  0.000e+00  0.000e+00  2.542e-10  1.816e-06  2.587e-03  5.343e-02  9.440e-01 
 6.36   0.00     2.067e-03 -4.000  1.208e+00 0.618 5.347e+09 -6.442e-23  0.000e+00  0.000e+00  3.026e-10  2.089e-06  2.938e-03  5.764e-02  9.394e-01 
 6.35   0.00     2.067e-03 -4.000  1.208e+00 0.618 5.011e+09 -6.717e-23  0.000e+00  0.000e+00  3.622e-10  2.418e-06  3.358e-03  6.238e-02  9.343e-01 
 6.34   0.00     2.067e-03 -4.000  1.208e+00 0.618 4.686e+09 -7.019e-23  0.000e+00  0.000e+00  4.363e-10  2.820e-06  3.865e-03  6.775e-02  9.284e-01 
 6.33   0.00     2.067e-03 -4.000  1.208e+00 0.618 4.389e+09 -7.323e-23  0.000e+00  0.000e+00  5.221e-10  3.259e-06  4.416e-03  7.335e-02  9.222e-01 
 6.32   0.00     2.067e-03 -4.000  1.208e+00 0.618 4.113e+09 -7.637e-23  0.000e+00  0.000e+00  6.236e-10  3.759e-06  5.037e-03  7.935e-02  9.156e-01 
 6.31   0.00     2.067e-03 -4.000  1.208e+00 0.618 3.849e+09 -7.974e-23  0.000e+00  0.000e+00  7.494e-10  4.366e-06  5.784e-03  8.612e-02  9.081e-01 
 6.30   0.00     2.067e-03 -4.000  1.207e+00 0.618 3.599e+09 -8.336e-23  0.000e+00  0.000e+00  9.074e-10  5.111e-06  6.696e-03  9.385e-02  8.995e-01 
 6.29   0.00     2.067e-03 -4.000  1.207e+00 0.618 3.372e+09 -8.695e-23  0.000e+00  0.000e+00  1.089e-09  5.920e-06  7.680e-03  1.018e-01  8.905e-01 
 6.28   0.00     2.067e-03 -4.000  1.207e+00 0.618 3.162e+09 -9.059e-23  0.000e+00  0.000e+00  1.304e-09  6.839e-06  8.791e-03  1.104e-01  8.809e-01 
 6.27   0.00     2.067e-03 -4.000  1.207e+00 0.618 2.966e+09 -9.437e-23  0.000e+00  0.000e+00  1.573e-09  7.963e-06  1.014e-02  1.200e-01  8.699e-01 
 6.26   0.00     2.067e-03 -4.000  1.207e+00 0.618 2.784e+09 -9.829e-23  0.000e+00  0.000e+00  1.913e-09  9.353e-06  1.180e-02  1.311e-01  8.572e-01 
 6.25   0.00     2.067e-03 -4.000  1.207e+00 0.618 2.623e+09 -1.020e-22  0.000e+00  0.000e+00  2.301e-09  1.084e-05  1.357e-02  1.422e-01  8.442e-01 
 6.24   0.00     2.067e-03 -4.000  1.207e+00 0.618 2.477e+09 -1.055e-22  0.000e+00  0.000e+00  2.760e-09  1.254e-05  1.557e-02  1.541e-01  8.303e-01 
 6.23   0.00     2.067e-03 -4.000  1.207e+00 0.618 2.343e+09 -1.089e-22  0.000e+00  0.000e+00  3.335e-09  1.460e-05  1.801e-02  1.676e-01  8.144e-01 
 6.22   0.00     2.067e-03 -4.000  1.207e+00 0.618 2.218e+09 -1.125e-22  0.000e+00  0.000e+00  4.067e-09  1.719e-05  2.103e-02  1.830e-01  7.960e-01 
 6.21   0.00     2.067e-03 -4.000  1.207e+00 0.618 2.109e+09 -1.156e-22  0.000e+00  0.000e+00  4.890e-09  1.989e-05  2.420e-02  1.982e-01  7.775e-01 
 6.20   0.00     2.067e-03 -4.000  1.207e+00 0.618 2.010e+09 -1.185e-22  0.000e+00  0.000e+00  5.862e-09  2.295e-05  2.778e-02  2.143e-01  7.579e-01 
 6.19   0.00     2.067e-03 -4.000  1.207e+00 0.618 1.917e+09 -1.214e-22  0.000e+00  0.000e+00  7.084e-09  2.670e-05  3.214e-02  2.323e-01  7.355e-01 
 6.18   0.00     2.067e-03 -4.000  1.207e+00 0.618 1.832e+09 -1.243e-22  0.000e+00  0.000e+00  8.644e-09  3.139e-05  3.759e-02  2.528e-01  7.096e-01 
 6.17   0.00     2.067e-03 -4.000  1.207e+00 0.618 1.755e+09 -1.267e-22  0.000e+00  0.000e+00  1.035e-08  3.615e-05  4.311e-02  2.722e-01  6.847e-01 
 6.16   0.00     2.067e-03 -4.000  1.207e+00 0.618 1.684e+09 -1.290e-22  0.000e+00  0.000e+00  1.236e-08  4.149e-05  4.931e-02  2.922e-01  6.585e-01 
 6.15   0.00     2.067e-03 -4.000  1.207e+00 0.618 1.617e+09 -1.313e-22  0.000e+00  0.000e+00  1.488e-08  4.801e-05  5.687e-02  3.144e-01  6.288e-01 
 6.14   0.00     2.067e-03 -4.000  1.207e+00 0.618 1.553e+09 -1.336e-22  0.000e+00  0.000e+00  1.809e-08  5.618e-05  6.632e-02  3.389e-01  5.947e-01 
 6.13   0.00     2.067e-03 -4.000  1.207e+00 0.618 1.495e+09 -1.356e-22  0.000e+00  0.000e+00  2.148e-08  6.405e-05  7.546e-02  3.607e-01  5.637e-01 
 6.12   0.00     2.067e-03 -4.000  1.207e+00 0.618 1.441e+09 -1.375e-22  0.000e+00  0.000e+00  2.545e-08  7.280e-05  8.566e-02  3.827e-01  5.316e-01 
 6.11   0.00     2.067e-03 -4.000  1.207e+00 0.618 1.389e+09 -1.395e-22  0.000e+00  0.000e+00  3.035e-08  8.339e-05  9.796e-02  4.059e-01  4.960e-01 
 6.10   0.00     2.067e-03 -4.000  1.207e+00 0.618 1.337e+09 -1.415e-22  0.000e+00  0.000e+00  3.654e-08  9.646e-05  1.132e-01  4.305e-01  4.562e-01 
 6.09   0.00     2.067e-03 -4.000  1.207e+00 0.618 1.291e+09 -1.432e-22  0.000e+00  0.000e+00  4.287e-08  1.085e-04  1.273e-01  4.506e-01  4.220e-01 
 6.08   0.00     2.067e-03 -4.000  1.207e+00 0.618 1.247e+09 -1.449e-22  0.000e+00  0.000e+00  5.015e-08  1.216e-04  1.427e-01  4.694e-01  3.878e-01 
 6.07   0.00     2.067e-03 -4.000  1.207e+00 0.618 1.204e+09 -1.467e-22  0.000e+00  0.000e+00  5.901e-08  1.372e-04  1.610e-01  4.878e-01  3.511e-01 
 6.06   0.00     2.067e-03 -4.000  1.207e+00 0.618 1.162e+09 -1.485e-22  0.000e+00  0.000e+00  6.995e-08  1.560e-04  1.832e-01  5.053e-01  3.114e-01 
 6.05   0.00     2.067e-03 -4.000  1.207e+00 0.618 1.125e+09 -1.499e-22  0.000e+00  0.000e+00  8.087e-08  1.726e-04  2.028e-01  5.174e-01  2.796e-01 
 6.04   0.00     2.067e-03 -4.000  1.207e+00 0.618 1.089e+09 -1.513e-22  0.000e+00  0.000e+00  9.316e-08  1.901e-04  2.239e-01  5.269e-01  2.490e-01 
 6.03   0.00     2.067e-03 -4.000  1.207e+00 0.618 1.055e+09 -1.527e-22  0.000e+00  0.000e+00  1.079e-07  2.107e-04  2.485e-01  5.339e-01  2.173e-01 
 6.02   0.00     2.067e-03 -4.000  1.207e+00 0.618 1.022e+09 -1.540e-22  0.000e+00  0.000e+00  1.256e-07  2.349e-04  2.776e-01  5.374e-01  1.848e-01 
 6.01   0.00     2.067e-03 -4.000  1.207e+00 0.618 9.928e+08 -1.549e-22  0.000e+00  0.000e+00  1.429e-07  2.555e-04  3.025e-01  5.368e-01  1.604e-01 
 6.00   0.00     2.067e-03 -4.000  1.206e+00 0.618 9.660e+08 -1.556e-22  0.000e+00  0.000e+00  1.622e-07  2.769e-04  3.286e-01  5.331e-01  1.380e-01 
 5.99   0.00     2.067e-03 -4.000  1.206e+00 0.618 9.403e+08 -1.562e-22  0.000e+00  0.000e+00  1.848e-07  3.014e-04  3.585e-01  5.254e-01  1.158e-01 
 5.98   0.00     2.067e-03 -4.000  1.206e+00 0.618 9.160e+08 -1.567e-22  0.000e+00  0.000e+00  2.115e-07  3.298e-04  3.933e-01  5.124e-01  9.393e-02 
 5.97   0.00     2.067e-03 -4.000  1.206e+00 0.618 8.950e+08 -1.567e-22  0.000e+00  0.000e+00  2.375e-07  3.531e-04  4.219e-01  4.990e-01  7.873e-02 
 5.96   0.00     2.067e-03 -4.000  1.206e+00 0.618 8.754e+08 -1.565e-22  0.000e+00  0.000e+00  2.660e-07  3.771e-04  4.515e-01  4.828e-01  6.533e-02 
 5.95   0.00     2.067e-03 -4.000  1.206e+00 0.618 8.568e+08 -1.563e-22  0.000e+00  0.000e+00  2.990e-07  4.042e-04  4.849e-01  4.621e-01  5.253e-02 
 5.94   0.00     2.067e-03 -4.000  1.206e+00 0.618 8.389e+08 -1.561e-22  0.000e+00  0.000e+00  3.372e-07  4.350e-04  5.230e-01  4.360e-01  4.052e-02 
 5.93   0.00     2.067e-03 -4.000  1.206e+00 0.618 8.229e+08 -1.554e-22  0.000e+00  0.000e+00  3.745e-07  4.598e-04  5.531e-01  4.137e-01  3.276e-02 
 5.92   0.00     2.067e-03 -4.000  1.206e+00 0.618 8.074e+08 -1.548e-22  0.000e+00  0.000e+00  4.152e-07  4.850e-04  5.837e-01  3.896e-01  2.618e-02 
 5.91   0.00     2.067e-03 -4.000  1.206e+00 0.618 7.918e+08 -1.543e-22  0.000e+00  0.000e+00  4.614e-07  5.131e-04  6.177e-01  3.618e-01  2.012e-02 
 5.90   0.00     2.067e-03 -4.000  1.206e+00 0.618 7.758e+08 -1.538e-22  0.000e+00  1.052e-10  5.140e-07  5.444e-04  6.555e-01  3.293e-01  1.466e-02 
 5.89   0.00     2.067e-03 -4.000  1.206e+00 0.618 7.606e+08 -1.534e-22  0.000e+00  1.208e-10  5.660e-07  5.694e-04  6.837e-01  3.042e-01  1.144e-02 
 5.88   0.00     2.067e-03 -4.000  1.206e+00 0.618 7.447e+08 -1.530e-22  0.000e+00  1.385e-10  6.225e-07  5.948e-04  7.120e-01  2.787e-01  8.788e-03 
 5.87   0.00     2.067e-03 -4.000  1.206e+00 0.618 7.276e+08 -1.531e-22  0.000e+00  1.590e-10  6.856e-07  6.225e-04  7.425e-01  2.505e-01  6.435e-03 
 5.86   0.00     2.067e-03 -4.000  1.206e+00 0.618 7.088e+08 -1.536e-22  0.000e+00  1.826e-10  7.564e-07  6.528e-04  7.757e-01  2.192e-01  4.399e-03 
 5.85   0.00     2.067e-03 -4.000  1.206e+00 0.618 6.904e+08 -1.541e-22  0.000e+00  2.088e-10  8.281e-07  6.774e-04  7.987e-01  1.974e-01  3.316e-03 
 5.84   0.00     2.067e-03 -4.000  1.206e+00 0.618 6.707e+08 -1.550e-22  0.000e+00  2.384e-10  9.061e-07  7.027e-04  8.212e-01  1.757e-01  2.446e-03 
 5.83   0.00     2.067e-03 -4.000  1.206e+00 0.618 6.492e+08 -1.565e-22  0.000e+00  2.724e-10  9.925e-07  7.298e-04  8.449e-01  1.528e-01  1.701e-03 
 5.82   0.00     2.067e-03 -4.000  1.206e+00 0.618 6.256e+08 -1.587e-22  0.000e+00  3.112e-10  1.088e-06  7.590e-04  8.700e-01  1.282e-01  1.082e-03 
 5.81   0.00     2.067e-03 -4.000  1.206e+00 0.618 6.038e+08 -1.606e-22  0.000e+00  3.555e-10  1.189e-06  7.847e-04  8.856e-01  1.128e-01  7.918e-04 
 5.80   0.00     2.067e-03 -4.000  1.206e+00 0.618 5.814e+08 -1.631e-22  0.000e+00  4.060e-10  1.300e-06  8.116e-04  9.009e-01  9.773e-02  5.615e-04 
 5.79   0.00     2.067e-03 -4.000  1.206e+00 0.618 5.580e+08 -1.660e-22  0.000e+00  4.638e-10  1.422e-06  8.404e-04  9.165e-01  8.228e-02  3.710e-04 
 5.78   0.00     2.067e-03 -4.000  1.206e+00 0.618 5.340e+08 -1.695e-22  0.000e+00  5.299e-10  1.557e-06  8.712e-04  9.326e-01  6.632e-02  2.195e-04 
 5.77   0.00     2.067e-03 -4.000  1.206e+00 0.618 5.139e+08 -1.721e-22  0.000e+00  6.076e-10  1.708e-06  9.017e-04  9.418e-01  5.715e-02  1.559e-04 
 5.76   0.00     2.067e-03 -4.000  1.206e+00 0.618 4.945e+08 -1.749e-22  0.000e+00  6.972e-10  1.874e-06  9.343e-04  9.506e-01  4.834e-02  1.065e-04 
 5.75   0.00     2.067e-03 -4.000  1.206e+00 0.618 4.753e+08 -1.777e-22  0.000e+00  8.005e-10  2.060e-06  9.693e-04  9.594e-01  3.951e-02  6.687e-05 
 5.74   0.00     2.067e-03 -4.000  1.206e+00 0.618 4.571e+08 -1.806e-22  0.000e+00  9.199e-10  2.265e-06  1.007e-03  9.683e-01  3.073e-02  3.700e-05 
 5.73   0.00     2.067e-03 -4.000  1.206e+00 0.618 4.422e+08 -1.824e-22  0.000e+00  1.063e-09  2.502e-06  1.048e-03  9.730e-01  2.596e-02  2.543e-05 
 5.72   0.00     2.067e-03 -4.000  1.206e+00 0.618 4.282e+08 -1.841e-22  0.000e+00  1.231e-09  2.767e-06  1.091e-03  9.774e-01  2.149e-02  1.675e-05 
 5.71   0.00     2.067e-03 -4.000  1.206e+00 0.618 4.148e+08 -1.858e-22  0.000e+00  1.426e-09  3.066e-06  1.139e-03  9.817e-01  1.709e-02  1.000e-05 
 5.70   0.00     2.067e-03 -4.000  1.206e+00 0.618 4.020e+08 -1.873e-22  0.000e+00  1.655e-09  3.402e-06  1.191e-03  9.859e-01  1.286e-02  5.173e-06 
 5.69   0.00     2.067e-03 -4.000  1.206e+00 0.618 3.913e+08 -1.881e-22  0.000e+00  1.933e-09  3.792e-06  1.248e-03  9.881e-01  1.066e-02  3.439e-06 
 5.68   0.00     2.067e-03 -4.000  1.206e+00 0.618 3.809e+08 -1.887e-22  0.000e+00  2.261e-09  4.236e-06  1.310e-03  9.901e-01  8.664e-03  2.188e-06 
 5.67   0.00     2.067e-03 -4.000  1.206e+00 0.618 3.706e+08 -1.896e-22  0.000e+00  2.650e-09  4.741e-06  1.379e-03  9.919e-01  6.715e-03  1.241e-06 
 5.66   0.00     2.067e-03 -4.000  1.206e+00 0.618 3.603e+08 -1.906e-22  0.000e+00  3.114e-09  5.320e-06  1.453e-03  9.936e-01  4.885e-03  5.967e-07 
 5.65   0.00     2.067e-03 -4.000  1.206e+00 0.618 3.509e+08 -1.912e-22  0.000e+00  3.677e-09  5.991e-06  1.535e-03  9.945e-01  3.985e-03  3.845e-07 
 5.64   0.00     2.067e-03 -4.000  1.206e+00 0.618 3.414e+08 -1.921e-22  0.000e+00  4.350e-09  6.761e-06  1.625e-03  9.952e-01  3.182e-03  2.364e-07 
 5.63   0.00     2.067e-03 -4.000  1.206e+00 0.618 3.313e+08 -1.934e-22  0.000e+00  5.160e-09  7.652e-06  1.724e-03  9.959e-01  2.404e-03  1.272e-07 
 5.62   0.00     2.067e-03 -4.000  1.206e+00 0.618 3.204e+08 -1.954e-22  0.000e+00  6.138e-09  8.684e-06  1.832e-03  9.965e-01  1.684e-03  5.612e-08 
 5.61   0.00     2.067e-03 -4.000  1.206e+00 0.619 3.103e+08 -1.972e-22  0.000e+00  7.325e-09  9.872e-06  1.950e-03  9.967e-01  1.356e-03  3.523e-08 
 5.60   0.00     2.067e-03 -4.000  1.206e+00 0.619 2.994e+08 -1.997e-22  0.000e+00  8.765e-09  1.126e-05  2.080e-03  9.968e-01  1.064e-03  2.094e-08 
 5.59   0.00     2.067e-03 -4.000  1.206e+00 0.619 2.873e+08 -2.034e-22  0.000e+00  1.052e-08  1.287e-05  2.224e-03  9.970e-01  7.827e-04  1.064e-08 
 5.58   0.00     2.067e-03 -4.000  1.206e+00 0.619 2.739e+08 -2.085e-22  0.000e+00  1.266e-08  1.477e-05  2.383e-03  9.971e-01  5.242e-04  4.230e-09 
 5.57   0.00     2.067e-03 -4.000  1.205e+00 0.619 2.614e+08 -2.135e-22  0.000e+00  1.526e-08  1.695e-05  2.552e-03  9.970e-01  4.183e-04  2.608e-09 
 5.56   0.00     2.067e-03 -4.000  1.205e+00 0.619 2.478e+08 -2.201e-22  0.000e+00  1.846e-08  1.950e-05  2.740e-03  9.969e-01  3.230e-04  1.500e-09 
 5.55   0.00     2.067e-03 -4.000  1.205e+00 0.619 2.327e+08 -2.290e-22  0.000e+00  2.241e-08  2.253e-05  2.950e-03  9.968e-01  2.308e-04  7.175e-10 
 5.54   0.00     2.067e-03 -4.000  1.205e+00 0.619 2.163e+08 -2.408e-22  0.000e+00  2.730e-08  2.614e-05  3.185e-03  9.966e-01  1.464e-04  2.500e-10 
 5.53   0.00     2.067e-03 -4.000  1.205e+00 0.619 2.020e+08 -2.520e-22  0.000e+00  3.322e-08  3.023e-05  3.430e-03  9.964e-01  1.163e-04  1.536e-10 
 5.52   0.00     2.067e-03 -4.000  1.205e+00 0.619 1.870e+08 -2.660e-22  0.000e+00  4.057e-08  3.510e-05  3.704e-03  9.962e-01  8.836e-05  0.000e+00 
 5.51   0.00     2.067e-03 -4.000  1.205e+00 0.619 1.712e+08 -2.838e-22  0.000e+00  4.979e-08  4.095e-05  4.015e-03  9.959e-01  6.124e-05  0.000e+00 
 5.50   0.00     2.067e-03 -4.000  1.205e+00 0.619 1.554e+08 -3.057e-22  0.000e+00  6.140e-08  4.800e-05  4.366e-03  9.956e-01  3.639e-05  0.000e+00 
 5.49   0.00     2.067e-03 -4.000  1.205e+00 0.619 1.429e+08 -3.247e-22  0.000e+00  7.535e-08  5.594e-05  4.725e-03  9.952e-01  2.894e-05  0.000e+00 
 5.48   0.00     2.067e-03 -4.000  1.205e+00 0.619 1.307e+08 -3.469e-22  0.000e+00  9.294e-08  6.553e-05  5.132e-03  9.948e-01  2.161e-05  0.000e+00 
 5.47   0.00     2.067e-03 -4.000  1.205e+00 0.619 1.190e+08 -3.727e-22  0.000e+00  1.153e-07  7.721e-05  5.596e-03  9.943e-01  1.449e-05  0.000e+00 
 5.46   0.00     2.067e-03 -4.000  1.205e+00 0.619 1.080e+08 -4.010e-22  0.000e+00  1.440e-07  9.147e-05  6.126e-03  9.937e-01  7.996e-06  0.000e+00 
 5.45   0.00     2.067e-03 -4.000  1.205e+00 0.619 1.004e+08 -4.215e-22  0.000e+00  1.782e-07  1.074e-04  6.661e-03  9.932e-01  6.375e-06  0.000e+00 
 5.44   0.00     2.067e-03 -4.000  1.205e+00 0.619 9.334e+07 -4.431e-22  0.000e+00  2.220e-07  1.270e-04  7.275e-03  9.926e-01  4.678e-06  0.000e+00 
 5.43   0.00     2.067e-03 -4.000  1.205e+00 0.619 8.696e+07 -4.647e-22  0.000e+00  2.788e-07  1.511e-04  7.982e-03  9.919e-01  3.030e-06  0.000e+00 
 5.42   0.00     2.067e-03 -4.000  1.205e+00 0.619 8.147e+07 -4.847e-22  0.000e+00  3.522e-07  1.809e-04  8.794e-03  9.911e-01  1.579e-06  0.000e+00 
 5.41   0.00     2.067e-03 -4.000  1.204e+00 0.619 7.778e+07 -4.961e-22  0.000e+00  4.401e-07  2.142e-04  9.610e-03  9.901e-01  1.231e-06  0.000e+00 
 5.40   0.00     2.067e-03 -4.000  1.204e+00 0.619 7.446e+07 -5.064e-22  0.000e+00  5.543e-07  2.556e-04  1.055e-02  9.892e-01  8.859e-07  0.000e+00 
 5.39   0.00     2.067e-03 -4.000  1.204e+00 0.619 7.153e+07 -5.153e-22  0.000e+00  7.045e-07  3.074e-04  1.166e-02  9.880e-01  5.528e-07  0.000e+00 
 5.38   0.00     2.067e-03 -4.000  1.204e+00 0.619 6.902e+07 -5.218e-22  1.099e-10  9.010e-07  3.720e-04  1.292e-02  9.867e-01  2.683e-07  0.000e+00 
 5.37   0.00     2.067e-03 -4.000  1.204e+00 0.619 6.723e+07 -5.235e-22  1.450e-10  1.137e-06  4.445e-04  1.419e-02  9.854e-01  1.931e-07  0.000e+00 
 5.36   0.00     2.067e-03 -4.000  1.204e+00 0.619 6.556e+07 -5.246e-22  1.932e-10  1.449e-06  5.354e-04  1.568e-02  9.838e-01  1.224e-07  0.000e+00 
 5.35   0.00     2.067e-03 -4.000  1.204e+00 0.619 6.398e+07 -5.252e-22  2.602e-10  1.866e-06  6.514e-04  1.744e-02  9.819e-01  5.471e-08  0.000e+00 
 5.34   0.00     2.067e-03 -4.000  1.204e+00 0.619 6.252e+07 -5.253e-22  3.528e-10  2.418e-06  7.976e-04  1.946e-02  9.797e-01  9.159e-10  0.000e+00 
 5.33   0.00     2.067e-03 -4.000  1.204e+00 0.619 6.130e+07 -5.235e-22  4.707e-10  3.083e-06  9.615e-04  2.149e-02  9.776e-01  0.000e+00  0.000e+00 
 5.32   0.00     2.067e-03 -4.000  1.204e+00 0.619 6.007e+07 -5.220e-22  6.345e-10  3.973e-06  1.170e-03  2.388e-02  9.749e-01  0.000e+00  0.000e+00 
 5.31   0.00     2.067e-03 -4.000  1.204e+00 0.619 5.878e+07 -5.213e-22  8.668e-10  5.187e-06  1.441e-03  2.673e-02  9.718e-01  0.000e+00  0.000e+00 
 5.30   0.00     2.067e-03 -4.000  1.204e+00 0.619 5.747e+07 -5.211e-22  1.193e-09  6.820e-06  1.787e-03  3.005e-02  9.682e-01  0.000e+00  0.000e+00 
 5.29   0.00     2.067e-03 -4.000  1.204e+00 0.619 5.634e+07 -5.195e-22  1.607e-09  8.783e-06  2.172e-03  3.334e-02  9.645e-01  0.000e+00  0.000e+00 
 5.28   0.00     2.067e-03 -4.000  1.204e+00 0.619 5.514e+07 -5.186e-22  2.194e-09  1.146e-05  2.671e-03  3.724e-02  9.601e-01  0.000e+00  0.000e+00 
 5.27   0.00     2.067e-03 -4.000  1.203e+00 0.619 5.388e+07 -5.186e-22  3.042e-09  1.517e-05  3.330e-03  4.197e-02  9.547e-01  0.000e+00  0.000e+00 
 5.26   0.00     2.067e-03 -4.000  1.203e+00 0.619 5.263e+07 -5.189e-22  4.251e-09  2.025e-05  4.181e-03  4.749e-02  9.484e-01  0.000e+00  0.000e+00 
 5.25   0.00     2.067e-03 -4.000  1.203e+00 0.619 5.159e+07 -5.173e-22  5.780e-09  2.630e-05  5.122e-03  5.286e-02  9.420e-01  0.000e+00  0.000e+00 
 5.24   0.00     2.067e-03 -4.000  1.203e+00 0.619 5.053e+07 -5.161e-22  7.982e-09  3.470e-05  6.360e-03  5.932e-02  9.343e-01  0.000e+00  0.000e+00 
 5.23   0.00     2.067e-03 -4.000  1.203e+00 0.619 4.944e+07 -5.153e-22  1.123e-08  4.660e-05  8.024e-03  6.721e-02  9.247e-01  0.000e+00  0.000e+00 
 5.22   0.00     2.067e-03 -4.000  1.203e+00 0.619 4.840e+07 -5.145e-22  1.592e-08  6.304e-05  1.019e-02  7.645e-02  9.133e-01  0.000e+00  0.000e+00 
 5.21   0.00     2.067e-03 -4.000  1.203e+00 0.619 4.755e+07 -5.118e-22  2.180e-08  8.249e-05  1.255e-02  8.519e-02  9.022e-01  0.000e+00  0.000e+00 
 5.20   0.00     2.067e-03 -4.000  1.203e+00 0.619 4.666e+07 -5.096e-22  3.040e-08  1.099e-04  1.570e-02  9.575e-02  8.884e-01  0.000e+00  0.000e+00 
 5.19   0.00     2.067e-03 -4.000  1.203e+00 0.619 4.573e+07 -5.082e-22  4.327e-08  1.492e-04  1.999e-02  1.087e-01  8.712e-01  0.000e+00  0.000e+00 
 5.18   0.00     2.067e-03 -4.000  1.202e+00 0.619 4.477e+07 -5.071e-22  6.196e-08  2.037e-04  2.558e-02  1.236e-01  8.505e-01  0.000e+00  0.000e+00 
 5.17   0.00     2.067e-03 -4.000  1.202e+00 0.619 4.395e+07 -5.048e-22  8.507e-08  2.673e-04  3.154e-02  1.373e-01  8.309e-01  0.000e+00  0.000e+00 
 5.16   0.00     2.067e-03 -4.000  1.202e+00 0.619 4.304e+07 -5.037e-22  1.191e-07  3.572e-04  3.950e-02  1.536e-01  8.066e-01  0.000e+00  0.000e+00 
 5.15   0.00     2.067e-03 -4.000  1.202e+00 0.619 4.201e+07 -5.043e-22  1.702e-07  4.868e-04  5.034e-02  1.732e-01  7.760e-01  0.000e+00  0.000e+00 
 5.14   0.00     2.067e-03 -4.000  1.202e+00 0.620 4.090e+07 -5.061e-22  2.438e-07  6.648e-04  6.424e-02  1.950e-01  7.402e-01  0.000e+00  0.000e+00 
 5.13   0.00     2.067e-03 -4.000  1.201e+00 0.620 3.994e+07 -5.064e-22  3.324e-07  8.659e-04  7.850e-02  2.133e-01  7.073e-01  0.000e+00  0.000e+00 
 5.12   0.00     2.067e-03 -4.000  1.201e+00 0.620 3.884e+07 -5.088e-22  4.613e-07  1.147e-03  9.724e-02  2.344e-01  6.673e-01  0.000e+00  0.000e+00 
 5.11   0.00     2.067e-03 -4.000  1.201e+00 0.620 3.761e+07 -5.135e-22  6.511e-07  1.542e-03  1.220e-01  2.580e-01  6.184e-01  0.000e+00  0.000e+00 
 5.10   0.00     2.067e-03 -4.000  1.200e+00 0.620 3.631e+07 -5.196e-22  9.148e-07  2.066e-03  1.523e-01  2.817e-01  5.640e-01  0.000e+00  0.000e+00 
 5.09   0.00     2.067e-03 -4.000  1.200e+00 0.620 3.525e+07 -5.229e-22  1.218e-06  2.627e-03  1.813e-01  2.986e-01  5.175e-01  0.000e+00  0.000e+00 
 5.08   0.00     2.067e-03 -4.000  1.200e+00 0.620 3.410e+07 -5.282e-22  1.641e-06  3.377e-03  2.174e-01  3.154e-01  4.638e-01  0.000e+00  0.000e+00 
 5.07   0.00     2.067e-03 -4.000  1.199e+00 0.620 3.286e+07 -5.354e-22  2.235e-06  4.380e-03  2.622e-01  3.305e-01  4.029e-01  0.000e+00  0.000e+00 
 5.06   0.00     2.067e-03 -4.000  1.198e+00 0.621 3.169e+07 -5.426e-22  3.001e-06  5.601e-03  3.116e-01  3.406e-01  3.422e-01  0.000e+00  0.000e+00 
 5.05   0.00     2.067e-03 -4.000  1.197e+00 0.621 3.079e+07 -5.453e-22  3.830e-06  6.828e-03  3.549e-01  3.431e-01  2.951e-01  0.000e+00  0.000e+00 
 5.04   0.00     2.067e-03 -4.000  1.197e+00 0.621 2.990e+07 -5.487e-22  4.917e-06  8.356e-03  4.043e-01  3.413e-01  2.460e-01  0.000e+00  0.000e+00 
 5.03   0.00     2.067e-03 -4.000  1.195e+00 0.621 2.899e+07 -5.528e-22  6.342e-06  1.026e-02  4.599e-01  3.339e-01  1.960e-01  0.000e+00  0.000e+00 
 5.02   0.00     2.067e-03 -4.000  1.194e+00 0.622 2.819e+07 -5.551e-22  8.039e-06  1.238e-02  5.144e-01  3.206e-01  1.526e-01  0.000e+00  0.000e+00 
 5.01   0.00     2.067e-03 -4.000  1.193e+00 0.622 2.764e+07 -5.529e-22  9.785e-06  1.439e-02  5.573e-01  3.052e-01  1.231e-01  0.000e+00  0.000e+00 
 5.00   0.00     2.067e-03 -4.000  1.191e+00 0.623 2.711e+07 -5.507e-22  1.196e-05  1.676e-02  6.024e-01  2.855e-01  9.521e-02  0.000e+00  0.000e+00 
 4.99   0.00     2.067e-03 -4.000  1.189e+00 0.623 2.657e+07 -5.485e-22  1.469e-05  1.958e-02  6.494e-01  2.614e-01  6.962e-02  0.000e+00  0.000e+00 
 4.98   0.00     2.067e-03 -4.000  1.187e+00 0.624 2.611e+07 -5.448e-22  1.778e-05  2.256e-02  6.911e-01  2.362e-01  5.010e-02  0.000e+00  0.000e+00 
 4.97   0.00     2.067e-03 -4.000  1.184e+00 0.624 2.582e+07 -5.379e-22  2.089e-05  2.529e-02  7.212e-01  2.152e-01  3.829e-02  0.000e+00  0.000e+00 
 4.96   0.00     2.067e-03 -4.000  1.181e+00 0.625 2.554e+07 -5.309e-22  2.469e-05  2.849e-02  7.514e-01  1.922e-01  2.787e-02  0.000e+00  0.000e+00 
 4.95   0.00     2.067e-03 -4.000  1.178e+00 0.626 2.524e+07 -5.241e-22  2.940e-05  3.222e-02  7.814e-01  1.674e-01  1.897e-02  0.000e+00  0.000e+00 
 4.94   0.00     2.067e-03 -4.000  1.174e+00 0.627 2.500e+07 -5.161e-22  3.463e-05  3.612e-02  8.062e-01  1.449e-01  1.280e-02  0.000e+00  0.000e+00 
 4.93   0.00     2.067e-03 -4.000  1.170e+00 0.628 2.490e+07 -5.057e-22  3.989e-05  3.971e-02  8.227e-01  1.281e-01  9.404e-03  0.000e+00  0.000e+00 
 4.92   0.00     2.067e-03 -4.000  1.166e+00 0.629 2.481e+07 -4.949e-22  4.632e-05  4.390e-02  8.387e-01  1.109e-01  6.523e-03  0.000e+00  0.000e+00 
 4.91   0.00     2.067e-03 -4.000  1.160e+00 0.631 2.477e+07 -4.834e-22  5.428e-05  4.885e-02  8.539e-01  9.303e-02  4.172e-03  0.000e+00  0.000e+00 
 4.90   0.00     2.067e-03 -4.000  1.155e+00 0.633 2.480e+07 -4.705e-22  6.308e-05  5.396e-02  8.653e-01  7.803e-02  2.665e-03  0.000e+00  0.000e+00 
 4.89   0.00     2.067e-03 -4.000  1.151e+00 0.634 2.495e+07 -4.563e-22  7.191e-05  5.870e-02  8.717e-01  6.763e-02  1.899e-03  0.000e+00  0.000e+00 
 4.88   0.00     2.067e-03 -4.000  1.146e+00 0.635 2.516e+07 -4.411e-22  8.278e-05  6.429e-02  8.773e-01  5.709e-02  1.263e-03  0.000e+00  0.000e+00 
 4.87   0.00     2.067e-03 -4.000  1.140e+00 0.636 2.549e+07 -4.244e-22  9.630e-05  7.097e-02  8.817e-01  4.651e-02  7.622e-04  0.000e+00  0.000e+00 
 4.86   0.00     2.067e-03 -4.000  1.135e+00 0.638 2.590e+07 -4.072e-22  1.112e-04  7.785e-02  8.836e-01  3.802e-02  4.627e-04  0.000e+00  0.000e+00 
 4.85   0.00     2.067e-03 -4.000  1.130e+00 0.639 2.635e+07 -3.906e-22  1.261e-04  8.424e-02  8.829e-01  3.241e-02  3.202e-04  0.000e+00  0.000e+00 
 4.84   0.00     2.067e-03 -4.000  1.126e+00 0.640 2.691e+07 -3.730e-22  1.447e-04  9.187e-02  8.810e-01  2.679e-02  2.046e-04  0.000e+00  0.000e+00 
 4.83   0.00     2.067e-03 -4.000  1.122e+00 0.642 2.761e+07 -3.544e-22  1.680e-04  1.011e-01  8.774e-01  2.122e-02  1.164e-04  0.000e+00  0.000e+00 
 4.82   0.00     2.067e-03 -4.000  1.117e+00 0.643 2.835e+07 -3.367e-22  1.934e-04  1.104e-01  8.723e-01  1.694e-02  6.720e-05  0.000e+00  0.000e+00 
 4.81   0.00     2.067e-03 -4.000  1.115e+00 0.644 2.902e+07 -3.210e-22  2.188e-04  1.192e-01  8.663e-01  1.423e-02  4.512e-05  0.000e+00  0.000e+00 
 4.80   0.00     2.067e-03 -4.000  1.113e+00 0.644 2.983e+07 -3.050e-22  2.505e-04  1.297e-01  8.585e-01  1.152e-02  2.765e-05  0.000e+00  0.000e+00 
 4.79   0.00     2.067e-03 -4.000  1.110e+00 0.645 3.077e+07 -2.885e-22  2.909e-04  1.425e-01  8.483e-01  8.867e-03  1.476e-05  0.000e+00  0.000e+00 
 4.78   0.00     2.067e-03 -4.000  1.108e+00 0.646 3.167e+07 -2.736e-22  3.344e-04  1.554e-01  8.373e-01  6.912e-03  8.085e-06  0.000e+00  0.000e+00 
 4.77   0.00     2.067e-03 -4.000  1.107e+00 0.646 3.245e+07 -2.609e-22  3.777e-04  1.674e-01  8.266e-01  5.707e-03  5.245e-06  0.000e+00  0.000e+00 
 4.76   0.00     2.067e-03 -4.000  1.105e+00 0.647 3.334e+07 -2.480e-22  4.322e-04  1.818e-01  8.133e-01  4.521e-03  3.073e-06  0.000e+00  0.000e+00 
 4.75   0.00     2.067e-03 -4.000  1.104e+00 0.647 3.436e+07 -2.351e-22  5.019e-04  1.995e-01  7.966e-01  3.363e-03  1.522e-06  0.000e+00  0.000e+00 
 4.74   0.00     2.067e-03 -4.000  1.103e+00 0.647 3.528e+07 -2.236e-22  5.756e-04  2.170e-01  7.799e-01  2.553e-03  7.869e-07  0.000e+00  0.000e+00 
 4.73   0.00     2.067e-03 -4.000  1.103e+00 0.647 3.606e+07 -2.138e-22  6.487e-04  2.329e-01  7.644e-01  2.070e-03  4.918e-07  0.000e+00  0.000e+00 
 4.72   0.00     2.067e-03 -4.000  1.102e+00 0.648 3.692e+07 -2.040e-22  7.405e-04  2.522e-01  7.455e-01  1.599e-03  2.741e-07  0.000e+00  0.000e+00 
 4.71   0.00     2.067e-03 -4.000  1.102e+00 0.648 3.788e+07 -1.942e-22  8.595e-04  2.761e-01  7.219e-01  1.141e-03  1.241e-07  0.000e+00  0.000e+00 
 4.70   0.00     2.067e-03 -4.000  1.101e+00 0.648 3.870e+07 -1.857e-22  9.817e-04  2.988e-01  6.994e-01  8.394e-04  5.974e-08  0.000e+00  0.000e+00 
 4.69   0.00     2.067e-03 -4.000  1.101e+00 0.648 3.938e+07 -1.783e-22  1.101e-03  3.190e-01  6.792e-01  6.672e-04  3.602e-08  0.000e+00  0.000e+00 
 4.68   0.00     2.067e-03 -4.000  1.101e+00 0.648 4.012e+07 -1.710e-22  1.251e-03  3.436e-01  6.547e-01  5.002e-04  1.895e-08  0.000e+00  0.000e+00 
 4.67   0.00     2.067e-03 -4.000  1.100e+00 0.648 4.093e+07 -1.639e-22  1.448e-03  3.740e-01  6.241e-01  3.391e-04  7.710e-09  0.000e+00  0.000e+00 
 4.66   0.00     2.067e-03 -4.000  1.100e+00 0.648 4.157e+07 -1.576e-22  1.643e-03  4.017e-01  5.964e-01  2.401e-04  3.407e-09  0.000e+00  0.000e+00 
 4.65   0.00     2.067e-03 -4.000  1.099e+00 0.648 4.208e+07 -1.521e-22  1.830e-03  4.256e-01  5.724e-01  1.865e-04  1.976e-09  0.000e+00  0.000e+00 
 4.64   0.00     2.067e-03 -4.000  1.099e+00 0.648 4.261e+07 -1.468e-22  2.065e-03  4.545e-01  5.434e-01  1.349e-04  9.734e-10  0.000e+00  0.000e+00 
 4.63   0.00     2.067e-03 -4.000  1.099e+00 0.649 4.317e+07 -1.415e-22  2.373e-03  4.902e-01  5.073e-01  8.592e-05  3.489e-10  0.000e+00  0.000e+00 
 4.62   0.00     2.067e-03 -4.000  1.098e+00 0.649 4.355e+07 -1.371e-22  2.665e-03  5.208e-01  4.764e-01  5.806e-05  1.393e-10  0.000e+00  0.000e+00 
 4.61   0.00     2.067e-03 -4.000  1.097e+00 0.649 4.383e+07 -1.330e-22  2.943e-03  5.464e-01  4.506e-01  4.387e-05  0.000e+00  0.000e+00  0.000e+00 
 4.60   0.00     2.067e-03 -4.000  1.097e+00 0.649 4.409e+07 -1.292e-22  3.291e-03  5.770e-01  4.197e-01  3.036e-05  0.000e+00  0.000e+00  0.000e+00 
 4.59   0.00     2.067e-03 -4.000  1.096e+00 0.650 4.430e+07 -1.257e-22  3.742e-03  6.143e-01  3.820e-01  1.796e-05  0.000e+00  0.000e+00  0.000e+00 
 4.58   0.00     2.067e-03 -4.000  1.094e+00 0.650 4.436e+07 -1.225e-22  4.157e-03  6.443e-01  3.515e-01  1.147e-05  0.000e+00  0.000e+00  0.000e+00 
 4.57   0.00     2.067e-03 -4.000  1.093e+00 0.650 4.434e+07 -1.197e-22  4.545e-03  6.686e-01  3.269e-01  8.366e-06  0.000e+00  0.000e+00  0.000e+00 
 4.56   0.00     2.067e-03 -4.000  1.092e+00 0.651 4.424e+07 -1.172e-22  5.031e-03  6.971e-01  2.979e-01  5.492e-06  0.000e+00  0.000e+00  0.000e+00 
 4.55   0.00     2.067e-03 -4.000  1.089e+00 0.652 4.403e+07 -1.149e-22  5.654e-03  7.310e-01  2.633e-01  2.971e-06  0.000e+00  0.000e+00  0.000e+00 
 4.54   0.00     2.067e-03 -4.000  1.086e+00 0.652 4.373e+07 -1.130e-22  6.212e-03  7.570e-01  2.368e-01  1.777e-06  0.000e+00  0.000e+00  0.000e+00 
 4.53   0.00     2.067e-03 -4.000  1.084e+00 0.653 4.337e+07 -1.112e-22  6.733e-03  7.771e-01  2.161e-01  1.239e-06  0.000e+00  0.000e+00  0.000e+00 
 4.52   0.00     2.067e-03 -4.000  1.080e+00 0.654 4.291e+07 -1.096e-22  7.382e-03  8.004e-01  1.923e-01  7.640e-07  0.000e+00  0.000e+00  0.000e+00 
 4.51   0.00     2.067e-03 -4.000  1.075e+00 0.656 4.232e+07 -1.083e-22  8.213e-03  8.275e-01  1.643e-01  3.718e-07  0.000e+00  0.000e+00  0.000e+00 
 4.50   0.00     2.067e-03 -4.000  1.071e+00 0.657 4.169e+07 -1.073e-22  8.943e-03  8.470e-01  1.441e-01  2.058e-07  0.000e+00  0.000e+00  0.000e+00 
 4.49   0.00     2.067e-03 -4.000  1.066e+00 0.659 4.105e+07 -1.063e-22  9.632e-03  8.618e-01  1.287e-01  1.359e-07  0.000e+00  0.000e+00  0.000e+00 
 4.48   0.00     2.067e-03 -4.000  1.061e+00 0.660 4.030e+07 -1.055e-22  1.050e-02  8.783e-01  1.113e-01  7.811e-08  0.000e+00  0.000e+00  0.000e+00 
 4.47   0.00     2.067e-03 -4.000  1.053e+00 0.662 3.940e+07 -1.051e-22  1.160e-02  8.973e-01  9.113e-02  3.356e-08  0.000e+00  0.000e+00  0.000e+00 
 4.46   0.00     2.067e-03 -4.000  1.046e+00 0.664 3.852e+07 -1.047e-22  1.257e-02  9.099e-01  7.751e-02  1.711e-08  0.000e+00  0.000e+00  0.000e+00 
 4.45   0.00     2.067e-03 -4.000  1.040e+00 0.667 3.765e+07 -1.043e-22  1.348e-02  9.192e-01  6.735e-02  1.067e-08  0.000e+00  0.000e+00  0.000e+00 
 4.44   0.00     2.067e-03 -4.000  1.033e+00 0.669 3.666e+07 -1.044e-22  1.465e-02  9.292e-01  5.616e-02  5.686e-09  0.000e+00  0.000e+00  0.000e+00 
 4.43   0.00     2.067e-03 -4.000  1.024e+00 0.671 3.545e+07 -1.051e-22  1.617e-02  9.403e-01  4.355e-02  2.110e-09  0.000e+00  0.000e+00  0.000e+00 
 4.42   0.00     2.067e-03 -4.000  1.018e+00 0.674 3.432e+07 -1.057e-22  1.746e-02  9.467e-01  3.582e-02  9.926e-10  0.000e+00  0.000e+00  0.000e+00 
 4.41   0.00     2.067e-03 -4.000  1.012e+00 0.675 3.322e+07 -1.065e-22  1.875e-02  9.510e-01  3.021e-02  5.818e-10  0.000e+00  0.000e+00  0.000e+00 
 4.40   0.00     2.067e-03 -4.000  1.006e+00 0.677 3.194e+07 -1.079e-22  2.039e-02  9.554e-01  2.425e-02  2.857e-10  0.000e+00  0.000e+00  0.000e+00 
 4.39   0.00     2.067e-03 -4.000  9.987e-01 0.679 3.038e+07 -1.105e-22  2.261e-02  9.597e-01  1.772e-02  0.000e+00  0.000e+00  0.000e+00  0.000e+00 
 4.38   0.00     2.067e-03 -4.000  9.936e-01 0.681 2.906e+07 -1.126e-22  2.446e-02  9.614e-01  1.413e-02  0.000e+00  0.000e+00  0.000e+00  0.000e+00 
 4.37   0.00     2.067e-03 -4.000  9.887e-01 0.683 2.781e+07 -1.147e-22  2.636e-02  9.620e-01  1.162e-02  0.000e+00  0.000e+00  0.000e+00  0.000e+00 
 4.36   0.00     2.067e-03 -4.000  9.828e-01 0.684 2.640e+07 -1.177e-22  2.885e-02  9.622e-01  9.010e-03  0.000e+00  0.000e+00  0.000e+00  0.000e+00 
 4.35   0.00     2.067e-03 -4.000  9.750e-01 0.687 2.472e+07 -1.224e-22  3.230e-02  9.614e-01  6.219e-03  0.000e+00  0.000e+00  0.000e+00  0.000e+00 
 4.34   0.00     2.067e-03 -4.000  9.684e-01 0.690 2.344e+07 -1.258e-22  3.519e-02  9.600e-01  4.814e-03  0.000e+00  0.000e+00  0.000e+00  0.000e+00 
 4.33   0.00     2.067e-03 -4.000  9.614e-01 0.692 2.228e+07 -1.288e-22  3.826e-02  9.579e-01  3.868e-03  0.000e+00  0.000e+00  0.000e+00  0.000e+00 
 4.32   0.00     2.067e-03 -4.000  9.517e-01 0.695 2.102e+07 -1.329e-22  4.236e-02  9.547e-01  2.896e-03  0.000e+00  0.000e+00  0.000e+00  0.000e+00 
 4.31   0.00     2.067e-03 -4.000  9.378e-01 0.699 1.955e+07 -1.387e-22  4.818e-02  9.499e-01  1.883e-03  0.000e+00  0.000e+00  0.000e+00  0.000e+00 
 4.30   0.00     2.067e-03 -4.000  9.250e-01 0.704 1.853e+07 -1.420e-22  5.313e-02  9.455e-01  1.410e-03  0.000e+00  0.000e+00  0.000e+00  0.000e+00 
 4.29   0.00     2.067e-03 -4.000  9.107e-01 0.709 1.769e+07 -1.444e-22  5.850e-02  9.404e-01  1.104e-03  0.000e+00  0.000e+00  0.000e+00  0.000e+00 
 4.28   0.00     2.067e-03 -4.000  8.908e-01 0.716 1.680e+07 -1.471e-22  6.581e-02  9.334e-01  7.951e-04  0.000e+00  0.000e+00  0.000e+00  0.000e+00 
 4.27   0.00     2.067e-03 -4.000  8.610e-01 0.727 1.584e+07 -1.503e-22  7.639e-02  9.231e-01  4.828e-04  0.000e+00  0.000e+00  0.000e+00  0.000e+00 
 4.26   0.00     2.067e-03 -4.000  8.344e-01 0.737 1.530e+07 -1.499e-22  8.550e-02  9.141e-01  3.474e-04  0.000e+00  0.000e+00  0.000e+00  0.000e+00 
 4.25   0.00     2.067e-03 -4.000  8.051e-01 0.749 1.496e+07 -1.475e-22  9.555e-02  9.042e-01  2.635e-04  0.000e+00  0.000e+00  0.000e+00  0.000e+00 
 4.24   0.00     2.067e-03 -4.000  7.650e-01 0.765 1.474e+07 -1.432e-22  1.093e-01  8.905e-01  1.809e-04  0.000e+00  0.000e+00  0.000e+00  0.000e+00 
 4.23   0.00     2.067e-03 -4.000  7.071e-01 0.789 1.472e+07 -1.359e-22  1.297e-01  8.702e-01  1.008e-04  0.000e+00  0.000e+00  0.000e+00  0.000e+00 
 4.22   0.00     2.067e-03 -4.000  6.597e-01 0.810 1.503e+07 -1.266e-22  1.470e-01  8.529e-01  6.890e-05  0.000e+00  0.000e+00  0.000e+00  0.000e+00 
 4.21   0.00     2.067e-03 -4.000  6.107e-01 0.834 1.566e+07 -1.154e-22  1.662e-01  8.337e-01  4.999e-05  0.000e+00  0.000e+00  0.000e+00  0.000e+00 
 4.20   0.00     2.067e-03 -4.000  5.482e-01 0.865 1.685e+07 -1.010e-22  1.927e-01  8.073e-01  3.215e-05  0.000e+00  0.000e+00  0.000e+00  0.000e+00 
 4.19   0.00     2.067e-03 -4.000  4.658e-01 0.910 1.917e+07 -8.246e-23  2.311e-01  7.689e-01  1.583e-05  0.000e+00  0.000e+00  0.000e+00  0.000e+00 
 4.18   0.00     2.067e-03 -4.000  4.083e-01 0.945 2.174e+07 -6.846e-23  2.628e-01  7.372e-01  1.002e-05  0.000e+00  0.000e+00  0.000e+00  0.000e+00 
 4.17   0.00     2.067e-03 -4.000  3.552e-01 0.979 2.526e+07 -5.554e-23  2.970e-01  7.030e-01  6.764e-06  0.000e+00  0.000e+00  0.000e+00  0.000e+00 
 4.16   0.00     2.067e-03 -4.000  2.942e-01 1.023 3.129e+07 -4.198e-23  3.426e-01  6.574e-01  3.907e-06  0.000e+00  0.000e+00  0.000e+00  0.000e+00 
 4.15   0.00     2.067e-03 -4.000  2.235e-01 1.077 4.330e+07 -2.816e-23  4.066e-01  5.934e-01  1.561e-06  0.000e+00  0.000e+00  0.000e+00  0.000e+00 
 4.14   0.00     2.067e-03 -4.000  1.835e-01 1.111 5.566e+07 -2.075e-23  4.533e-01  5.467e-01  8.771e-07  0.000e+00  0.000e+00  0.000e+00  0.000e+00 
 4.13   0.00     2.067e-03 -4.000  1.501e-01 1.140 7.288e+07 -1.509e-23  5.013e-01  4.987e-01  5.243e-07  0.000e+00  0.000e+00  0.000e+00  0.000e+00 
 4.12   0.00     2.067e-03 -4.000  1.153e-01 1.173 1.043e+08 -1.001e-23  5.607e-01  4.393e-01  2.537e-07  0.000e+00  0.000e+00  0.000e+00  0.000e+00 
 4.11   0.00     2.067e-03 -4.000  7.860e-02 1.209 1.753e+08 -5.662e-24  6.374e-01  3.626e-01  7.251e-08  0.000e+00  0.000e+00  0.000e+00  0.000e+00 
 4.10   0.00     2.067e-03 -4.000  6.176e-02 1.227 2.457e+08 -3.883e-24  6.834e-01  3.166e-01  3.486e-08  0.000e+00  0.000e+00  0.000e+00  0.000e+00 
 4.09   0.00     2.067e-03 -4.000  4.831e-02 1.242 3.492e+08 -2.638e-24  7.272e-01  2.728e-01  1.775e-08  0.000e+00  0.000e+00  0.000e+00  0.000e+00 
 4.08   0.00     2.067e-03 -4.000  3.503e-02 1.256 5.513e+08 -1.614e-24  7.767e-01  2.233e-01  6.906e-09  0.000e+00  0.000e+00  0.000e+00  0.000e+00 
 4.07   0.00     2.067e-03 -4.000  2.178e-02 1.270 1.064e+09 -8.108e-25  8.338e-01  1.662e-01  1.303e-09  0.000e+00  0.000e+00  0.000e+00  0.000e+00 
 4.06   0.00     2.067e-03 -4.000  1.548e-02 1.278 1.661e+09 -5.026e-25  8.710e-01  1.290e-01  4.698e-10  0.000e+00  0.000e+00  0.000e+00  0.000e+00 
 4.05   0.00     2.067e-03 -4.000  1.034e-02 1.284 2.795e+09 -2.905e-25  9.077e-01  9.222e-02  1.533e-10  0.000e+00  0.000e+00  0.000e+00  0.000e+00 
 4.04   0.00     2.067e-03 -4.000  5.706e-03 1.289 5.935e+09 -1.345e-25  9.458e-01  5.425e-02  0.000e+00  0.000e+00  0.000e+00  0.000e+00  0.000e+00 
 4.03   0.00     2.067e-03 -4.000  2.013e-03 1.293 2.170e+10 -3.735e-26  9.809e-01  1.908e-02  0.000e+00  0.000e+00  0.000e+00  0.000e+00  0.000e+00 
 4.02   0.00     2.067e-03 -4.000  6.954e-04 1.295 6.893e+10 -1.118e-26  9.911e-01  8.959e-03  0.000e+00  0.000e+00  0.000e+00  0.000e+00  0.000e+00 
 4.01   0.00     2.067e-03 -4.000  3.792e-04 1.295 1.400e+11 -5.372e-27  9.930e-01  7.037e-03  0.000e+00  0.000e+00  0.000e+00  0.000e+00  0.000e+00 
 4.00   0.00     2.067e-03 -4.000  2.298e-04 1.295 2.574e+11 -2.794e-27  9.940e-01  6.046e-03  0.000e+00  0.000e+00  0.000e+00  0.000e+00  0.000e+00 
 3.99   0.00     2.067e-03 -4.000  1.515e-04 1.296 4.539e+11 -1.545e-27  9.946e-01  5.409e-03  0.000e+00  0.000e+00  0.000e+00  0.000e+00  0.000e+00 
 3.98   0.00     2.067e-03 -4.000  9.801e-05 1.296 7.586e+11 -8.999e-28  9.952e-01  4.830e-03  0.000e+00  0.000e+00  0.000e+00  0.000e+00  0.000e+00 
 3.97   0.00     2.067e-03 -4.000  5.920e-05 1.296 1.411e+12 -4.680e-28  9.959e-01  4.178e-03  0.000e+00  0.000e+00  0.000e+00  0.000e+00  0.000e+00 
 3.96   0.00     2.067e-03 -4.000  4.875e-05 1.296 2.017e+12 -3.242e-28  9.961e-01  3.853e-03  0.000e+00  0.000e+00  0.000e+00  0.000e+00  0.000e+00 
 3.95   0.00     2.067e-03 -4.000  3.853e-05 1.296 3.048e+12 -2.097e-28  9.966e-01  3.413e-03  0.000e+00  0.000e+00  0.000e+00  0.000e+00  0.000e+00 
 3.94   0.00     2.067e-03 -4.000  3.096e-05 1.296 4.257e+12 -1.467e-28  9.971e-01  2.938e-03  0.000e+00  0.000e+00  0.000e+00  0.000e+00  0.000e+00 
 3.93   0.00     2.067e-03 -4.000  2.538e-05 1.296 5.800e+12 -1.052e-28  9.975e-01  2.464e-03  0.000e+00  0.000e+00  0.000e+00  0.000e+00  0.000e+00 
 3.92   0.00     2.067e-03 -4.000  2.111e-05 1.296 7.812e+12 -7.635e-29  9.980e-01  2.009e-03  0.000e+00  0.000e+00  0.000e+00  0.000e+00  0.000e+00 
 3.91   0.00     2.067e-03 -4.000  1.769e-05 1.296 1.050e+13 -5.555e-29  9.984e-01  1.592e-03  0.000e+00  0.000e+00  0.000e+00  0.000e+00  0.000e+00 
 3.90   0.00     2.067e-03 -4.000  1.491e-05 1.296 1.342e+13 -4.246e-29  9.988e-01  1.225e-03  0.000e+00  0.000e+00  0.000e+00  0.000e+00  0.000e+00 
 3.89   0.00     2.067e-03 -4.000  1.261e-05 1.296 1.704e+13 -3.267e-29  9.991e-01  9.189e-04  0.000e+00  0.000e+00  0.000e+00  0.000e+00  0.000e+00 
