#log[T] redshift massfrac  log[nh] ne/nh     mu    tcool     Lambdanet   ionf[ 1]   ionf[ 2]   
 7.00   0.00     7.065e-01 -4.000  1.209e+00 0.618 4.728e+10 -3.181e-23  1.924e-08  1.000e+00 
 6.99   0.00     7.065e-01 -4.000  1.209e+00 0.618 4.622e+10 -3.180e-23  1.969e-08  1.000e+00 
 6.98   0.00     7.065e-01 -4.000  1.209e+00 0.618 4.522e+10 -3.177e-23  2.015e-08  1.000e+00 
 6.97   0.00     7.065e-01 -4.000  1.209e+00 0.618 4.427e+10 -3.172e-23  2.060e-08  1.000e+00 
 6.96   0.00     7.065e-01 -4.000  1.209e+00 0.618 4.338e+10 -3.162e-23  2.111e-08  1.000e+00 
 6.95   0.00     7.065e-01 -4.000  1.209e+00 0.618 4.251e+10 -3.153e-23  2.161e-08  1.000e+00 
 6.94   0.00     7.065e-01 -4.000  1.209e+00 0.618 4.169e+10 -3.142e-23  2.210e-08  1.000e+00 
 6.93   0.00     7.065e-01 -4.000  1.209e+00 0.618 4.091e+10 -3.130e-23  2.261e-08  1.000e+00 
 6.92   0.00     7.065e-01 -4.000  1.209e+00 0.618 4.016e+10 -3.115e-23  2.316e-08  1.000e+00 
 6.91   0.00     7.065e-01 -4.000  1.209e+00 0.618 3.943e+10 -3.100e-23  2.371e-08  1.000e+00 
 6.90   0.00     7.065e-01 -4.000  1.209e+00 0.618 3.874e+10 -3.084e-23  2.425e-08  1.000e+00 
 6.89   0.00     7.065e-01 -4.000  1.209e+00 0.618 3.805e+10 -3.068e-23  2.482e-08  1.000e+00 
 6.88   0.00     7.065e-01 -4.000  1.209e+00 0.618 3.740e+10 -3.051e-23  2.542e-08  1.000e+00 
 6.87   0.00     7.065e-01 -4.000  1.209e+00 0.618 3.675e+10 -3.034e-23  2.602e-08  1.000e+00 
 6.86   0.00     7.065e-01 -4.000  1.209e+00 0.618 3.612e+10 -3.017e-23  2.661e-08  1.000e+00 
 6.85   0.00     7.065e-01 -4.000  1.209e+00 0.618 3.549e+10 -3.001e-23  2.723e-08  1.000e+00 
 6.84   0.00     7.065e-01 -4.000  1.209e+00 0.618 3.487e+10 -2.985e-23  2.790e-08  1.000e+00 
 6.83   0.00     7.065e-01 -4.000  1.209e+00 0.618 3.425e+10 -2.969e-23  2.856e-08  1.000e+00 
 6.82   0.00     7.065e-01 -4.000  1.209e+00 0.618 3.363e+10 -2.955e-23  2.921e-08  1.000e+00 
 6.81   0.00     7.065e-01 -4.000  1.209e+00 0.618 3.302e+10 -2.941e-23  2.989e-08  1.000e+00 
 6.80   0.00     7.065e-01 -4.000  1.209e+00 0.618 3.240e+10 -2.930e-23  3.062e-08  1.000e+00 
 6.79   0.00     7.065e-01 -4.000  1.209e+00 0.618 3.178e+10 -2.919e-23  3.135e-08  1.000e+00 
 6.78   0.00     7.065e-01 -4.000  1.209e+00 0.618 3.115e+10 -2.910e-23  3.207e-08  1.000e+00 
 6.77   0.00     7.065e-01 -4.000  1.209e+00 0.618 3.051e+10 -2.903e-23  3.282e-08  1.000e+00 
 6.76   0.00     7.065e-01 -4.000  1.209e+00 0.618 2.988e+10 -2.896e-23  3.363e-08  1.000e+00 
 6.75   0.00     7.065e-01 -4.000  1.209e+00 0.618 2.924e+10 -2.892e-23  3.443e-08  1.000e+00 
 6.74   0.00     7.065e-01 -4.000  1.209e+00 0.618 2.860e+10 -2.890e-23  3.522e-08  1.000e+00 
 6.73   0.00     7.065e-01 -4.000  1.209e+00 0.618 2.795e+10 -2.890e-23  3.605e-08  1.000e+00 
 6.72   0.00     7.065e-01 -4.000  1.209e+00 0.618 2.731e+10 -2.890e-23  3.694e-08  1.000e+00 
 6.71   0.00     7.065e-01 -4.000  1.209e+00 0.618 2.666e+10 -2.894e-23  3.782e-08  1.000e+00 
 6.70   0.00     7.065e-01 -4.000  1.209e+00 0.618 2.599e+10 -2.900e-23  3.869e-08  1.000e+00 
 6.69   0.00     7.065e-01 -4.000  1.209e+00 0.618 2.534e+10 -2.907e-23  3.961e-08  1.000e+00 
 6.68   0.00     7.065e-01 -4.000  1.209e+00 0.618 2.468e+10 -2.916e-23  4.059e-08  1.000e+00 
 6.67   0.00     7.065e-01 -4.000  1.209e+00 0.618 2.403e+10 -2.928e-23  4.156e-08  1.000e+00 
 6.66   0.00     7.065e-01 -4.000  1.208e+00 0.618 2.335e+10 -2.944e-23  4.252e-08  1.000e+00 
 6.65   0.00     7.065e-01 -4.000  1.208e+00 0.618 2.268e+10 -2.962e-23  4.353e-08  1.000e+00 
 6.64   0.00     7.065e-01 -4.000  1.208e+00 0.618 2.201e+10 -2.983e-23  4.462e-08  1.000e+00 
 6.63   0.00     7.065e-01 -4.000  1.208e+00 0.618 2.132e+10 -3.009e-23  4.569e-08  1.000e+00 
 6.62   0.00     7.065e-01 -4.000  1.208e+00 0.618 2.062e+10 -3.041e-23  4.676e-08  1.000e+00 
 6.61   0.00     7.065e-01 -4.000  1.208e+00 0.618 1.992e+10 -3.076e-23  4.789e-08  1.000e+00 
 6.60   0.00     7.065e-01 -4.000  1.208e+00 0.618 1.922e+10 -3.115e-23  4.908e-08  1.000e+00 
 6.59   0.00     7.065e-01 -4.000  1.208e+00 0.618 1.851e+10 -3.161e-23  5.027e-08  1.000e+00 
 6.58   0.00     7.065e-01 -4.000  1.208e+00 0.618 1.779e+10 -3.216e-23  5.145e-08  1.000e+00 
 6.57   0.00     7.065e-01 -4.000  1.208e+00 0.618 1.706e+10 -3.275e-23  5.269e-08  1.000e+00 
 6.56   0.00     7.065e-01 -4.000  1.208e+00 0.618 1.635e+10 -3.340e-23  5.402e-08  1.000e+00 
 6.55   0.00     7.065e-01 -4.000  1.208e+00 0.618 1.563e+10 -3.415e-23  5.533e-08  1.000e+00 
 6.54   0.00     7.065e-01 -4.000  1.208e+00 0.618 1.489e+10 -3.500e-23  5.664e-08  1.000e+00 
 6.53   0.00     7.065e-01 -4.000  1.208e+00 0.618 1.419e+10 -3.592e-23  5.803e-08  1.000e+00 
 6.52   0.00     7.065e-01 -4.000  1.208e+00 0.618 1.350e+10 -3.689e-23  5.950e-08  1.000e+00 
 6.51   0.00     7.065e-01 -4.000  1.208e+00 0.618 1.282e+10 -3.798e-23  6.096e-08  1.000e+00 
 6.50   0.00     7.065e-01 -4.000  1.208e+00 0.618 1.214e+10 -3.919e-23  6.240e-08  1.000e+00 
 6.49   0.00     7.065e-01 -4.000  1.208e+00 0.618 1.149e+10 -4.045e-23  6.396e-08  1.000e+00 
 6.48   0.00     7.065e-01 -4.000  1.208e+00 0.618 1.088e+10 -4.173e-23  6.558e-08  1.000e+00 
 6.47   0.00     7.065e-01 -4.000  1.208e+00 0.618 1.029e+10 -4.315e-23  6.721e-08  1.000e+00 
 6.46   0.00     7.065e-01 -4.000  1.208e+00 0.618 9.707e+09 -4.467e-23  6.881e-08  1.000e+00 
 6.45   0.00     7.065e-01 -4.000  1.208e+00 0.618 9.167e+09 -4.623e-23  7.054e-08  1.000e+00 
 6.44   0.00     7.065e-01 -4.000  1.208e+00 0.618 8.659e+09 -4.783e-23  7.235e-08  1.000e+00 
 6.43   0.00     7.065e-01 -4.000  1.208e+00 0.618 8.167e+09 -4.955e-23  7.416e-08  1.000e+00 
 6.42   0.00     7.065e-01 -4.000  1.208e+00 0.618 7.690e+09 -5.144e-23  7.595e-08  1.000e+00 
 6.41   0.00     7.065e-01 -4.000  1.208e+00 0.618 7.251e+09 -5.330e-23  7.789e-08  1.000e+00 
 6.40   0.00     7.065e-01 -4.000  1.208e+00 0.618 6.841e+09 -5.520e-23  7.991e-08  1.000e+00 
 6.39   0.00     7.065e-01 -4.000  1.208e+00 0.618 6.444e+09 -5.728e-23  8.193e-08  1.000e+00 
 6.38   0.00     7.065e-01 -4.000  1.208e+00 0.618 6.057e+09 -5.955e-23  8.393e-08  1.000e+00 
 6.37   0.00     7.065e-01 -4.000  1.208e+00 0.618 5.693e+09 -6.191e-23  8.609e-08  1.000e+00 
 6.36   0.00     7.065e-01 -4.000  1.208e+00 0.618 5.347e+09 -6.442e-23  8.835e-08  1.000e+00 
 6.35   0.00     7.065e-01 -4.000  1.208e+00 0.618 5.011e+09 -6.717e-23  9.061e-08  1.000e+00 
 6.34   0.00     7.065e-01 -4.000  1.208e+00 0.618 4.686e+09 -7.019e-23  9.284e-08  1.000e+00 
 6.33   0.00     7.065e-01 -4.000  1.208e+00 0.618 4.389e+09 -7.323e-23  9.528e-08  1.000e+00 
 6.32   0.00     7.065e-01 -4.000  1.208e+00 0.618 4.113e+09 -7.637e-23  9.781e-08  1.000e+00 
 6.31   0.00     7.065e-01 -4.000  1.208e+00 0.618 3.849e+09 -7.974e-23  1.003e-07  1.000e+00 
 6.30   0.00     7.065e-01 -4.000  1.207e+00 0.618 3.599e+09 -8.336e-23  1.029e-07  1.000e+00 
 6.29   0.00     7.065e-01 -4.000  1.207e+00 0.618 3.372e+09 -8.695e-23  1.056e-07  1.000e+00 
 6.28   0.00     7.065e-01 -4.000  1.207e+00 0.618 3.162e+09 -9.059e-23  1.085e-07  1.000e+00 
 6.27   0.00     7.065e-01 -4.000  1.207e+00 0.618 2.966e+09 -9.437e-23  1.113e-07  1.000e+00 
 6.26   0.00     7.065e-01 -4.000  1.207e+00 0.618 2.784e+09 -9.829e-23  1.140e-07  1.000e+00 
 6.25   0.00     7.065e-01 -4.000  1.207e+00 0.618 2.623e+09 -1.020e-22  1.171e-07  1.000e+00 
 6.24   0.00     7.065e-01 -4.000  1.207e+00 0.618 2.477e+09 -1.055e-22  1.203e-07  1.000e+00 
 6.23   0.00     7.065e-01 -4.000  1.207e+00 0.618 2.343e+09 -1.089e-22  1.236e-07  1.000e+00 
 6.22   0.00     7.065e-01 -4.000  1.207e+00 0.618 2.218e+09 -1.125e-22  1.268e-07  1.000e+00 
 6.21   0.00     7.065e-01 -4.000  1.207e+00 0.618 2.109e+09 -1.156e-22  1.302e-07  1.000e+00 
 6.20   0.00     7.065e-01 -4.000  1.207e+00 0.618 2.010e+09 -1.185e-22  1.338e-07  1.000e+00 
 6.19   0.00     7.065e-01 -4.000  1.207e+00 0.618 1.917e+09 -1.214e-22  1.374e-07  1.000e+00 
 6.18   0.00     7.065e-01 -4.000  1.207e+00 0.618 1.832e+09 -1.243e-22  1.410e-07  1.000e+00 
 6.17   0.00     7.065e-01 -4.000  1.207e+00 0.618 1.755e+09 -1.267e-22  1.450e-07  1.000e+00 
 6.16   0.00     7.065e-01 -4.000  1.207e+00 0.618 1.684e+09 -1.290e-22  1.491e-07  1.000e+00 
 6.15   0.00     7.065e-01 -4.000  1.207e+00 0.618 1.617e+09 -1.313e-22  1.532e-07  1.000e+00 
 6.14   0.00     7.065e-01 -4.000  1.207e+00 0.618 1.553e+09 -1.336e-22  1.572e-07  1.000e+00 
 6.13   0.00     7.065e-01 -4.000  1.207e+00 0.618 1.495e+09 -1.356e-22  1.617e-07  1.000e+00 
 6.12   0.00     7.065e-01 -4.000  1.207e+00 0.618 1.441e+09 -1.375e-22  1.664e-07  1.000e+00 
 6.11   0.00     7.065e-01 -4.000  1.207e+00 0.618 1.389e+09 -1.395e-22  1.710e-07  1.000e+00 
 6.10   0.00     7.065e-01 -4.000  1.207e+00 0.618 1.337e+09 -1.415e-22  1.756e-07  1.000e+00 
 6.09   0.00     7.065e-01 -4.000  1.207e+00 0.618 1.291e+09 -1.432e-22  1.808e-07  1.000e+00 
 6.08   0.00     7.065e-01 -4.000  1.207e+00 0.618 1.247e+09 -1.449e-22  1.860e-07  1.000e+00 
 6.07   0.00     7.065e-01 -4.000  1.207e+00 0.618 1.204e+09 -1.467e-22  1.913e-07  1.000e+00 
 6.06   0.00     7.065e-01 -4.000  1.207e+00 0.618 1.162e+09 -1.485e-22  1.966e-07  1.000e+00 
 6.05   0.00     7.065e-01 -4.000  1.207e+00 0.618 1.125e+09 -1.499e-22  2.025e-07  1.000e+00 
 6.04   0.00     7.065e-01 -4.000  1.207e+00 0.618 1.089e+09 -1.513e-22  2.084e-07  1.000e+00 
 6.03   0.00     7.065e-01 -4.000  1.207e+00 0.618 1.055e+09 -1.527e-22  2.145e-07  1.000e+00 
 6.02   0.00     7.065e-01 -4.000  1.207e+00 0.618 1.022e+09 -1.540e-22  2.205e-07  1.000e+00 
 6.01   0.00     7.065e-01 -4.000  1.207e+00 0.618 9.928e+08 -1.549e-22  2.272e-07  1.000e+00 
 6.00   0.00     7.065e-01 -4.000  1.206e+00 0.618 9.660e+08 -1.556e-22  2.340e-07  1.000e+00 
 5.99   0.00     7.065e-01 -4.000  1.206e+00 0.618 9.403e+08 -1.562e-22  2.410e-07  1.000e+00 
 5.98   0.00     7.065e-01 -4.000  1.206e+00 0.618 9.160e+08 -1.567e-22  2.480e-07  1.000e+00 
 5.97   0.00     7.065e-01 -4.000  1.206e+00 0.618 8.950e+08 -1.567e-22  2.557e-07  1.000e+00 
 5.96   0.00     7.065e-01 -4.000  1.206e+00 0.618 8.754e+08 -1.565e-22  2.636e-07  1.000e+00 
 5.95   0.00     7.065e-01 -4.000  1.206e+00 0.618 8.568e+08 -1.563e-22  2.715e-07  1.000e+00 
 5.94   0.00     7.065e-01 -4.000  1.206e+00 0.618 8.389e+08 -1.561e-22  2.796e-07  1.000e+00 
 5.93   0.00     7.065e-01 -4.000  1.206e+00 0.618 8.229e+08 -1.554e-22  2.885e-07  1.000e+00 
 5.92   0.00     7.065e-01 -4.000  1.206e+00 0.618 8.074e+08 -1.548e-22  2.976e-07  1.000e+00 
 5.91   0.00     7.065e-01 -4.000  1.206e+00 0.618 7.918e+08 -1.543e-22  3.068e-07  1.000e+00 
 5.90   0.00     7.065e-01 -4.000  1.206e+00 0.618 7.758e+08 -1.538e-22  3.161e-07  1.000e+00 
 5.89   0.00     7.065e-01 -4.000  1.206e+00 0.618 7.606e+08 -1.534e-22  3.263e-07  1.000e+00 
 5.88   0.00     7.065e-01 -4.000  1.206e+00 0.618 7.447e+08 -1.530e-22  3.369e-07  1.000e+00 
 5.87   0.00     7.065e-01 -4.000  1.206e+00 0.618 7.276e+08 -1.531e-22  3.475e-07  1.000e+00 
 5.86   0.00     7.065e-01 -4.000  1.206e+00 0.618 7.088e+08 -1.536e-22  3.583e-07  1.000e+00 
 5.85   0.00     7.065e-01 -4.000  1.206e+00 0.618 6.904e+08 -1.541e-22  3.702e-07  1.000e+00 
 5.84   0.00     7.065e-01 -4.000  1.206e+00 0.618 6.707e+08 -1.550e-22  3.825e-07  1.000e+00 
 5.83   0.00     7.065e-01 -4.000  1.206e+00 0.618 6.492e+08 -1.565e-22  3.949e-07  1.000e+00 
 5.82   0.00     7.065e-01 -4.000  1.206e+00 0.618 6.256e+08 -1.587e-22  4.074e-07  1.000e+00 
 5.81   0.00     7.065e-01 -4.000  1.206e+00 0.618 6.038e+08 -1.606e-22  4.213e-07  1.000e+00 
 5.80   0.00     7.065e-01 -4.000  1.206e+00 0.618 5.814e+08 -1.631e-22  4.355e-07  1.000e+00 
 5.79   0.00     7.065e-01 -4.000  1.206e+00 0.618 5.580e+08 -1.660e-22  4.500e-07  1.000e+00 
 5.78   0.00     7.065e-01 -4.000  1.206e+00 0.618 5.340e+08 -1.695e-22  4.648e-07  1.000e+00 
 5.77   0.00     7.065e-01 -4.000  1.206e+00 0.618 5.139e+08 -1.721e-22  4.810e-07  1.000e+00 
 5.76   0.00     7.065e-01 -4.000  1.206e+00 0.618 4.945e+08 -1.749e-22  4.977e-07  1.000e+00 
 5.75   0.00     7.065e-01 -4.000  1.206e+00 0.618 4.753e+08 -1.777e-22  5.148e-07  1.000e+00 
 5.74   0.00     7.065e-01 -4.000  1.206e+00 0.618 4.571e+08 -1.806e-22  5.321e-07  1.000e+00 
 5.73   0.00     7.065e-01 -4.000  1.206e+00 0.618 4.422e+08 -1.824e-22  5.512e-07  1.000e+00 
 5.72   0.00     7.065e-01 -4.000  1.206e+00 0.618 4.282e+08 -1.841e-22  5.708e-07  1.000e+00 
 5.71   0.00     7.065e-01 -4.000  1.206e+00 0.618 4.148e+08 -1.858e-22  5.908e-07  1.000e+00 
 5.70   0.00     7.065e-01 -4.000  1.206e+00 0.618 4.020e+08 -1.873e-22  6.113e-07  1.000e+00 
 5.69   0.00     7.065e-01 -4.000  1.206e+00 0.618 3.913e+08 -1.881e-22  6.338e-07  1.000e+00 
 5.68   0.00     7.065e-01 -4.000  1.206e+00 0.618 3.809e+08 -1.887e-22  6.569e-07  1.000e+00 
 5.67   0.00     7.065e-01 -4.000  1.206e+00 0.618 3.706e+08 -1.896e-22  6.806e-07  1.000e+00 
 5.66   0.00     7.065e-01 -4.000  1.206e+00 0.618 3.603e+08 -1.906e-22  7.051e-07  1.000e+00 
 5.65   0.00     7.065e-01 -4.000  1.206e+00 0.618 3.509e+08 -1.912e-22  7.316e-07  1.000e+00 
 5.64   0.00     7.065e-01 -4.000  1.206e+00 0.618 3.414e+08 -1.921e-22  7.591e-07  1.000e+00 
 5.63   0.00     7.065e-01 -4.000  1.206e+00 0.618 3.313e+08 -1.934e-22  7.873e-07  1.000e+00 
 5.62   0.00     7.065e-01 -4.000  1.206e+00 0.618 3.204e+08 -1.954e-22  8.164e-07  1.000e+00 
 5.61   0.00     7.065e-01 -4.000  1.206e+00 0.619 3.103e+08 -1.972e-22  8.481e-07  1.000e+00 
 5.60   0.00     7.065e-01 -4.000  1.206e+00 0.619 2.994e+08 -1.997e-22  8.808e-07  1.000e+00 
 5.59   0.00     7.065e-01 -4.000  1.206e+00 0.619 2.873e+08 -2.034e-22  9.145e-07  1.000e+00 
 5.58   0.00     7.065e-01 -4.000  1.206e+00 0.619 2.739e+08 -2.085e-22  9.494e-07  1.000e+00 
 5.57   0.00     7.065e-01 -4.000  1.205e+00 0.619 2.614e+08 -2.135e-22  9.873e-07  1.000e+00 
 5.56   0.00     7.065e-01 -4.000  1.205e+00 0.619 2.478e+08 -2.201e-22  1.026e-06  1.000e+00 
 5.55   0.00     7.065e-01 -4.000  1.205e+00 0.619 2.327e+08 -2.290e-22  1.067e-06  1.000e+00 
 5.54   0.00     7.065e-01 -4.000  1.205e+00 0.619 2.163e+08 -2.408e-22  1.109e-06  1.000e+00 
 5.53   0.00     7.065e-01 -4.000  1.205e+00 0.619 2.020e+08 -2.520e-22  1.155e-06  1.000e+00 
 5.52   0.00     7.065e-01 -4.000  1.205e+00 0.619 1.870e+08 -2.660e-22  1.202e-06  1.000e+00 
 5.51   0.00     7.065e-01 -4.000  1.205e+00 0.619 1.712e+08 -2.838e-22  1.251e-06  1.000e+00 
 5.50   0.00     7.065e-01 -4.000  1.205e+00 0.619 1.554e+08 -3.057e-22  1.302e-06  1.000e+00 
 5.49   0.00     7.065e-01 -4.000  1.205e+00 0.619 1.429e+08 -3.247e-22  1.357e-06  1.000e+00 
 5.48   0.00     7.065e-01 -4.000  1.205e+00 0.619 1.307e+08 -3.469e-22  1.414e-06  1.000e+00 
 5.47   0.00     7.065e-01 -4.000  1.205e+00 0.619 1.190e+08 -3.727e-22  1.475e-06  1.000e+00 
 5.46   0.00     7.065e-01 -4.000  1.205e+00 0.619 1.080e+08 -4.010e-22  1.537e-06  1.000e+00 
 5.45   0.00     7.065e-01 -4.000  1.205e+00 0.619 1.004e+08 -4.215e-22  1.604e-06  1.000e+00 
 5.44   0.00     7.065e-01 -4.000  1.205e+00 0.619 9.334e+07 -4.431e-22  1.673e-06  1.000e+00 
 5.43   0.00     7.065e-01 -4.000  1.205e+00 0.619 8.696e+07 -4.647e-22  1.747e-06  1.000e+00 
 5.42   0.00     7.065e-01 -4.000  1.205e+00 0.619 8.147e+07 -4.847e-22  1.823e-06  1.000e+00 
 5.41   0.00     7.065e-01 -4.000  1.204e+00 0.619 7.778e+07 -4.961e-22  1.906e-06  1.000e+00 
 5.40   0.00     7.065e-01 -4.000  1.204e+00 0.619 7.446e+07 -5.064e-22  1.991e-06  1.000e+00 
 5.39   0.00     7.065e-01 -4.000  1.204e+00 0.619 7.153e+07 -5.153e-22  2.081e-06  1.000e+00 
 5.38   0.00     7.065e-01 -4.000  1.204e+00 0.619 6.902e+07 -5.218e-22  2.176e-06  1.000e+00 
 5.37   0.00     7.065e-01 -4.000  1.204e+00 0.619 6.723e+07 -5.235e-22  2.277e-06  1.000e+00 
 5.36   0.00     7.065e-01 -4.000  1.204e+00 0.619 6.556e+07 -5.246e-22  2.384e-06  1.000e+00 
 5.35   0.00     7.065e-01 -4.000  1.204e+00 0.619 6.398e+07 -5.252e-22  2.496e-06  1.000e+00 
 5.34   0.00     7.065e-01 -4.000  1.204e+00 0.619 6.252e+07 -5.253e-22  2.613e-06  1.000e+00 
 5.33   0.00     7.065e-01 -4.000  1.204e+00 0.619 6.130e+07 -5.235e-22  2.740e-06  1.000e+00 
 5.32   0.00     7.065e-01 -4.000  1.204e+00 0.619 6.007e+07 -5.220e-22  2.873e-06  1.000e+00 
 5.31   0.00     7.065e-01 -4.000  1.204e+00 0.619 5.878e+07 -5.213e-22  3.013e-06  1.000e+00 
 5.30   0.00     7.065e-01 -4.000  1.204e+00 0.619 5.747e+07 -5.211e-22  3.161e-06  1.000e+00 
 5.29   0.00     7.065e-01 -4.000  1.204e+00 0.619 5.634e+07 -5.195e-22  3.319e-06  1.000e+00 
 5.28   0.00     7.065e-01 -4.000  1.204e+00 0.619 5.514e+07 -5.186e-22  3.486e-06  1.000e+00 
 5.27   0.00     7.065e-01 -4.000  1.203e+00 0.619 5.388e+07 -5.186e-22  3.663e-06  1.000e+00 
 5.26   0.00     7.065e-01 -4.000  1.203e+00 0.619 5.263e+07 -5.189e-22  3.851e-06  1.000e+00 
 5.25   0.00     7.065e-01 -4.000  1.203e+00 0.619 5.159e+07 -5.173e-22  4.051e-06  1.000e+00 
 5.24   0.00     7.065e-01 -4.000  1.203e+00 0.619 5.053e+07 -5.161e-22  4.264e-06  1.000e+00 
 5.23   0.00     7.065e-01 -4.000  1.203e+00 0.619 4.944e+07 -5.153e-22  4.489e-06  1.000e+00 
 5.22   0.00     7.065e-01 -4.000  1.203e+00 0.619 4.840e+07 -5.145e-22  4.729e-06  1.000e+00 
 5.21   0.00     7.065e-01 -4.000  1.203e+00 0.619 4.755e+07 -5.118e-22  4.985e-06  1.000e+00 
 5.20   0.00     7.065e-01 -4.000  1.203e+00 0.619 4.666e+07 -5.096e-22  5.257e-06  1.000e+00 
 5.19   0.00     7.065e-01 -4.000  1.203e+00 0.619 4.573e+07 -5.082e-22  5.547e-06  1.000e+00 
 5.18   0.00     7.065e-01 -4.000  1.202e+00 0.619 4.477e+07 -5.071e-22  5.857e-06  1.000e+00 
 5.17   0.00     7.065e-01 -4.000  1.202e+00 0.619 4.395e+07 -5.048e-22  6.187e-06  1.000e+00 
 5.16   0.00     7.065e-01 -4.000  1.202e+00 0.619 4.304e+07 -5.037e-22  6.539e-06  1.000e+00 
 5.15   0.00     7.065e-01 -4.000  1.202e+00 0.619 4.201e+07 -5.043e-22  6.917e-06  1.000e+00 
 5.14   0.00     7.065e-01 -4.000  1.202e+00 0.620 4.090e+07 -5.061e-22  7.322e-06  1.000e+00 
 5.13   0.00     7.065e-01 -4.000  1.201e+00 0.620 3.994e+07 -5.064e-22  7.752e-06  1.000e+00 
 5.12   0.00     7.065e-01 -4.000  1.201e+00 0.620 3.884e+07 -5.088e-22  8.214e-06  1.000e+00 
 5.11   0.00     7.065e-01 -4.000  1.201e+00 0.620 3.761e+07 -5.135e-22  8.713e-06  1.000e+00 
 5.10   0.00     7.065e-01 -4.000  1.200e+00 0.620 3.631e+07 -5.196e-22  9.248e-06  1.000e+00 
 5.09   0.00     7.065e-01 -4.000  1.200e+00 0.620 3.525e+07 -5.229e-22  9.814e-06  1.000e+00 
 5.08   0.00     7.065e-01 -4.000  1.200e+00 0.620 3.410e+07 -5.282e-22  1.043e-05  1.000e+00 
 5.07   0.00     7.065e-01 -4.000  1.199e+00 0.620 3.286e+07 -5.354e-22  1.110e-05  1.000e+00 
 5.06   0.00     7.065e-01 -4.000  1.198e+00 0.621 3.169e+07 -5.426e-22  1.181e-05  1.000e+00 
 5.05   0.00     7.065e-01 -4.000  1.197e+00 0.621 3.079e+07 -5.453e-22  1.257e-05  1.000e+00 
 5.04   0.00     7.065e-01 -4.000  1.197e+00 0.621 2.990e+07 -5.487e-22  1.339e-05  1.000e+00 
 5.03   0.00     7.065e-01 -4.000  1.195e+00 0.621 2.899e+07 -5.528e-22  1.429e-05  1.000e+00 
 5.02   0.00     7.065e-01 -4.000  1.194e+00 0.622 2.819e+07 -5.551e-22  1.526e-05  1.000e+00 
 5.01   0.00     7.065e-01 -4.000  1.193e+00 0.622 2.764e+07 -5.529e-22  1.628e-05  1.000e+00 
 5.00   0.00     7.065e-01 -4.000  1.191e+00 0.623 2.711e+07 -5.507e-22  1.742e-05  1.000e+00 
 4.99   0.00     7.065e-01 -4.000  1.189e+00 0.623 2.657e+07 -5.485e-22  1.865e-05  1.000e+00 
 4.98   0.00     7.065e-01 -4.000  1.187e+00 0.624 2.611e+07 -5.448e-22  1.999e-05  1.000e+00 
 4.97   0.00     7.065e-01 -4.000  1.184e+00 0.624 2.582e+07 -5.379e-22  2.140e-05  1.000e+00 
 4.96   0.00     7.065e-01 -4.000  1.181e+00 0.625 2.554e+07 -5.309e-22  2.296e-05  1.000e+00 
 4.95   0.00     7.065e-01 -4.000  1.178e+00 0.626 2.524e+07 -5.241e-22  2.469e-05  1.000e+00 
 4.94   0.00     7.065e-01 -4.000  1.174e+00 0.627 2.500e+07 -5.161e-22  2.656e-05  1.000e+00 
 4.93   0.00     7.065e-01 -4.000  1.170e+00 0.628 2.490e+07 -5.057e-22  2.854e-05  1.000e+00 
 4.92   0.00     7.065e-01 -4.000  1.166e+00 0.629 2.481e+07 -4.949e-22  3.073e-05  1.000e+00 
 4.91   0.00     7.065e-01 -4.000  1.160e+00 0.631 2.477e+07 -4.834e-22  3.320e-05  1.000e+00 
 4.90   0.00     7.065e-01 -4.000  1.155e+00 0.633 2.480e+07 -4.705e-22  3.587e-05  1.000e+00 
 4.89   0.00     7.065e-01 -4.000  1.151e+00 0.634 2.495e+07 -4.563e-22  3.867e-05  1.000e+00 
 4.88   0.00     7.065e-01 -4.000  1.146e+00 0.635 2.516e+07 -4.411e-22  4.183e-05  1.000e+00 
 4.87   0.00     7.065e-01 -4.000  1.140e+00 0.636 2.549e+07 -4.244e-22  4.540e-05  1.000e+00 
 4.86   0.00     7.065e-01 -4.000  1.135e+00 0.638 2.590e+07 -4.072e-22  4.926e-05  1.000e+00 
 4.85   0.00     7.065e-01 -4.000  1.130e+00 0.639 2.635e+07 -3.906e-22  5.333e-05  9.999e-01 
 4.84   0.00     7.065e-01 -4.000  1.126e+00 0.640 2.691e+07 -3.730e-22  5.795e-05  9.999e-01 
 4.83   0.00     7.065e-01 -4.000  1.122e+00 0.642 2.761e+07 -3.544e-22  6.322e-05  9.999e-01 
 4.82   0.00     7.065e-01 -4.000  1.117e+00 0.643 2.835e+07 -3.367e-22  6.892e-05  9.999e-01 
 4.81   0.00     7.065e-01 -4.000  1.115e+00 0.644 2.902e+07 -3.210e-22  7.494e-05  9.999e-01 
 4.80   0.00     7.065e-01 -4.000  1.113e+00 0.644 2.983e+07 -3.050e-22  8.184e-05  9.999e-01 
 4.79   0.00     7.065e-01 -4.000  1.110e+00 0.645 3.077e+07 -2.885e-22  8.979e-05  9.999e-01 
 4.78   0.00     7.065e-01 -4.000  1.108e+00 0.646 3.167e+07 -2.736e-22  9.839e-05  9.999e-01 
 4.77   0.00     7.065e-01 -4.000  1.107e+00 0.646 3.245e+07 -2.609e-22  1.075e-04  9.999e-01 
 4.76   0.00     7.065e-01 -4.000  1.105e+00 0.647 3.334e+07 -2.480e-22  1.181e-04  9.999e-01 
 4.75   0.00     7.065e-01 -4.000  1.104e+00 0.647 3.436e+07 -2.351e-22  1.303e-04  9.999e-01 
 4.74   0.00     7.065e-01 -4.000  1.103e+00 0.647 3.528e+07 -2.236e-22  1.436e-04  9.999e-01 
 4.73   0.00     7.065e-01 -4.000  1.103e+00 0.647 3.606e+07 -2.138e-22  1.576e-04  9.998e-01 
 4.72   0.00     7.065e-01 -4.000  1.102e+00 0.648 3.692e+07 -2.040e-22  1.741e-04  9.998e-01 
 4.71   0.00     7.065e-01 -4.000  1.102e+00 0.648 3.788e+07 -1.942e-22  1.936e-04  9.998e-01 
 4.70   0.00     7.065e-01 -4.000  1.101e+00 0.648 3.870e+07 -1.857e-22  2.146e-04  9.998e-01 
 4.69   0.00     7.065e-01 -4.000  1.101e+00 0.648 3.938e+07 -1.783e-22  2.369e-04  9.998e-01 
 4.68   0.00     7.065e-01 -4.000  1.101e+00 0.648 4.012e+07 -1.710e-22  2.633e-04  9.997e-01 
 4.67   0.00     7.065e-01 -4.000  1.100e+00 0.648 4.093e+07 -1.639e-22  2.951e-04  9.997e-01 
 4.66   0.00     7.065e-01 -4.000  1.100e+00 0.648 4.157e+07 -1.576e-22  3.291e-04  9.997e-01 
 4.65   0.00     7.065e-01 -4.000  1.099e+00 0.648 4.208e+07 -1.521e-22  3.654e-04  9.996e-01 
 4.64   0.00     7.065e-01 -4.000  1.099e+00 0.648 4.261e+07 -1.468e-22  4.091e-04  9.996e-01 
 4.63   0.00     7.065e-01 -4.000  1.099e+00 0.649 4.317e+07 -1.415e-22  4.624e-04  9.995e-01 
 4.62   0.00     7.065e-01 -4.000  1.098e+00 0.649 4.355e+07 -1.371e-22  5.191e-04  9.995e-01 
 4.61   0.00     7.065e-01 -4.000  1.097e+00 0.649 4.383e+07 -1.330e-22  5.800e-04  9.994e-01 
 4.60   0.00     7.065e-01 -4.000  1.097e+00 0.649 4.409e+07 -1.292e-22  6.542e-04  9.994e-01 
 4.59   0.00     7.065e-01 -4.000  1.096e+00 0.650 4.430e+07 -1.257e-22  7.466e-04  9.992e-01 
 4.58   0.00     7.065e-01 -4.000  1.094e+00 0.650 4.436e+07 -1.225e-22  8.444e-04  9.992e-01 
 4.57   0.00     7.065e-01 -4.000  1.093e+00 0.650 4.434e+07 -1.197e-22  9.500e-04  9.991e-01 
 4.56   0.00     7.065e-01 -4.000  1.092e+00 0.651 4.424e+07 -1.172e-22  1.081e-03  9.989e-01 
 4.55   0.00     7.065e-01 -4.000  1.089e+00 0.652 4.403e+07 -1.149e-22  1.246e-03  9.987e-01 
 4.54   0.00     7.065e-01 -4.000  1.086e+00 0.652 4.373e+07 -1.130e-22  1.421e-03  9.986e-01 
 4.53   0.00     7.065e-01 -4.000  1.084e+00 0.653 4.337e+07 -1.112e-22  1.611e-03  9.984e-01 
 4.52   0.00     7.065e-01 -4.000  1.080e+00 0.654 4.291e+07 -1.096e-22  1.850e-03  9.981e-01 
 4.51   0.00     7.065e-01 -4.000  1.075e+00 0.656 4.232e+07 -1.083e-22  2.158e-03  9.978e-01 
 4.50   0.00     7.065e-01 -4.000  1.071e+00 0.657 4.169e+07 -1.073e-22  2.482e-03  9.975e-01 
 4.49   0.00     7.065e-01 -4.000  1.066e+00 0.659 4.105e+07 -1.063e-22  2.837e-03  9.972e-01 
 4.48   0.00     7.065e-01 -4.000  1.061e+00 0.660 4.030e+07 -1.055e-22  3.291e-03  9.968e-01 
 4.47   0.00     7.065e-01 -4.000  1.053e+00 0.662 3.940e+07 -1.051e-22  3.892e-03  9.961e-01 
 4.46   0.00     7.065e-01 -4.000  1.046e+00 0.664 3.852e+07 -1.047e-22  4.516e-03  9.955e-01 
 4.45   0.00     7.065e-01 -4.000  1.040e+00 0.667 3.765e+07 -1.043e-22  5.207e-03  9.948e-01 
 4.44   0.00     7.065e-01 -4.000  1.033e+00 0.669 3.666e+07 -1.044e-22  6.106e-03  9.939e-01 
 4.43   0.00     7.065e-01 -4.000  1.024e+00 0.671 3.545e+07 -1.051e-22  7.338e-03  9.927e-01 
 4.42   0.00     7.065e-01 -4.000  1.018e+00 0.674 3.432e+07 -1.057e-22  8.585e-03  9.914e-01 
 4.41   0.00     7.065e-01 -4.000  1.012e+00 0.675 3.322e+07 -1.065e-22  9.987e-03  9.900e-01 
 4.40   0.00     7.065e-01 -4.000  1.006e+00 0.677 3.194e+07 -1.079e-22  1.184e-02  9.881e-01 
 4.39   0.00     7.065e-01 -4.000  9.987e-01 0.679 3.038e+07 -1.105e-22  1.449e-02  9.856e-01 
 4.38   0.00     7.065e-01 -4.000  9.936e-01 0.681 2.906e+07 -1.126e-22  1.709e-02  9.829e-01 
 4.37   0.00     7.065e-01 -4.000  9.887e-01 0.683 2.781e+07 -1.147e-22  2.004e-02  9.800e-01 
 4.36   0.00     7.065e-01 -4.000  9.828e-01 0.684 2.640e+07 -1.177e-22  2.407e-02  9.760e-01 
 4.35   0.00     7.065e-01 -4.000  9.750e-01 0.687 2.472e+07 -1.224e-22  2.992e-02  9.701e-01 
 4.34   0.00     7.065e-01 -4.000  9.684e-01 0.690 2.344e+07 -1.258e-22  3.558e-02  9.644e-01 
 4.33   0.00     7.065e-01 -4.000  9.614e-01 0.692 2.228e+07 -1.288e-22  4.202e-02  9.580e-01 
 4.32   0.00     7.065e-01 -4.000  9.517e-01 0.695 2.102e+07 -1.329e-22  5.094e-02  9.490e-01 
 4.31   0.00     7.065e-01 -4.000  9.378e-01 0.699 1.955e+07 -1.387e-22  6.425e-02  9.357e-01 
 4.30   0.00     7.065e-01 -4.000  9.250e-01 0.704 1.853e+07 -1.420e-22  7.672e-02  9.233e-01 
 4.29   0.00     7.065e-01 -4.000  9.107e-01 0.709 1.769e+07 -1.444e-22  9.089e-02  9.091e-01 
 4.28   0.00     7.065e-01 -4.000  8.908e-01 0.716 1.680e+07 -1.471e-22  1.106e-01  8.894e-01 
 4.27   0.00     7.065e-01 -4.000  8.610e-01 0.727 1.584e+07 -1.503e-22  1.401e-01  8.599e-01 
 4.26   0.00     7.065e-01 -4.000  8.344e-01 0.737 1.530e+07 -1.499e-22  1.666e-01  8.334e-01 
 4.25   0.00     7.065e-01 -4.000  8.051e-01 0.749 1.496e+07 -1.475e-22  1.959e-01  8.041e-01 
 4.24   0.00     7.065e-01 -4.000  7.650e-01 0.765 1.474e+07 -1.432e-22  2.360e-01  7.640e-01 
 4.23   0.00     7.065e-01 -4.000  7.071e-01 0.789 1.472e+07 -1.359e-22  2.937e-01  7.063e-01 
 4.22   0.00     7.065e-01 -4.000  6.597e-01 0.810 1.503e+07 -1.266e-22  3.411e-01  6.589e-01 
 4.21   0.00     7.065e-01 -4.000  6.107e-01 0.834 1.566e+07 -1.154e-22  3.900e-01  6.100e-01 
 4.20   0.00     7.065e-01 -4.000  5.482e-01 0.865 1.685e+07 -1.010e-22  4.525e-01  5.475e-01 
 4.19   0.00     7.065e-01 -4.000  4.658e-01 0.910 1.917e+07 -8.246e-23  5.348e-01  4.652e-01 
 4.18   0.00     7.065e-01 -4.000  4.083e-01 0.945 2.174e+07 -6.846e-23  5.922e-01  4.078e-01 
 4.17   0.00     7.065e-01 -4.000  3.552e-01 0.979 2.526e+07 -5.554e-23  6.453e-01  3.547e-01 
 4.16   0.00     7.065e-01 -4.000  2.942e-01 1.023 3.129e+07 -4.198e-23  7.062e-01  2.938e-01 
 4.15   0.00     7.065e-01 -4.000  2.235e-01 1.077 4.330e+07 -2.816e-23  7.768e-01  2.232e-01 
 4.14   0.00     7.065e-01 -4.000  1.835e-01 1.111 5.566e+07 -2.075e-23  8.168e-01  1.832e-01 
 4.13   0.00     7.065e-01 -4.000  1.501e-01 1.140 7.288e+07 -1.509e-23  8.502e-01  1.498e-01 
 4.12   0.00     7.065e-01 -4.000  1.153e-01 1.173 1.043e+08 -1.001e-23  8.850e-01  1.150e-01 
 4.11   0.00     7.065e-01 -4.000  7.860e-02 1.209 1.753e+08 -5.662e-24  9.217e-01  7.836e-02 
 4.10   0.00     7.065e-01 -4.000  6.176e-02 1.227 2.457e+08 -3.883e-24  9.385e-01  6.154e-02 
 4.09   0.00     7.065e-01 -4.000  4.831e-02 1.242 3.492e+08 -2.638e-24  9.519e-01  4.811e-02 
 4.08   0.00     7.065e-01 -4.000  3.503e-02 1.256 5.513e+08 -1.614e-24  9.651e-01  3.485e-02 
 4.07   0.00     7.065e-01 -4.000  2.178e-02 1.270 1.064e+09 -8.108e-25  9.784e-01  2.162e-02 
 4.06   0.00     7.065e-01 -4.000  1.548e-02 1.278 1.661e+09 -5.026e-25  9.847e-01  1.534e-02 
 4.05   0.00     7.065e-01 -4.000  1.034e-02 1.284 2.795e+09 -2.905e-25  9.898e-01  1.021e-02 
 4.04   0.00     7.065e-01 -4.000  5.706e-03 1.289 5.935e+09 -1.345e-25  9.944e-01  5.589e-03 
 4.03   0.00     7.065e-01 -4.000  2.013e-03 1.293 2.170e+10 -3.735e-26  9.980e-01  1.919e-03 
 4.02   0.00     7.065e-01 -4.000  6.954e-04 1.295 6.893e+10 -1.118e-26  9.994e-01  6.096e-04 
 4.01   0.00     7.065e-01 -4.000  3.792e-04 1.295 1.400e+11 -5.372e-27  9.997e-01  2.947e-04 
 4.00   0.00     7.065e-01 -4.000  2.298e-04 1.295 2.574e+11 -2.794e-27  9.999e-01  1.468e-04 
 3.99   0.00     7.065e-01 -4.000  1.515e-04 1.296 4.539e+11 -1.545e-27  9.999e-01  7.012e-05 
 3.98   0.00     7.065e-01 -4.000  9.801e-05 1.296 7.586e+11 -8.999e-28  1.000e+00  2.037e-05 
 3.97   0.00     7.065e-01 -4.000  5.920e-05 1.296 1.411e+12 -4.680e-28  1.000e+00  0.000e+00 
 3.96   0.00     7.065e-01 -4.000  4.875e-05 1.296 2.017e+12 -3.242e-28  1.000e+00  0.000e+00 
 3.95   0.00     7.065e-01 -4.000  3.853e-05 1.296 3.048e+12 -2.097e-28  1.000e+00  3.338e-10 
 3.94   0.00     7.065e-01 -4.000  3.096e-05 1.296 4.257e+12 -1.467e-28  1.000e+00  1.940e-10 
 3.93   0.00     7.065e-01 -4.000  2.538e-05 1.296 5.800e+12 -1.052e-28  1.000e+00  1.205e-10 
 3.92   0.00     7.065e-01 -4.000  2.111e-05 1.296 7.812e+12 -7.635e-29  1.000e+00  0.000e+00 
 3.91   0.00     7.065e-01 -4.000  1.769e-05 1.296 1.050e+13 -5.555e-29  1.000e+00  0.000e+00 
 3.90   0.00     7.065e-01 -4.000  1.491e-05 1.296 1.342e+13 -4.246e-29  1.000e+00  0.000e+00 
 3.89   0.00     7.065e-01 -4.000  1.261e-05 1.296 1.704e+13 -3.267e-29  1.000e+00  0.000e+00 
