#log[T] redshift massfrac  log[nh] ne/nh     mu    tcool     Lambdanet   ionf[ 1]   ionf[ 2]   ionf[ 3]   
 7.00   0.00     2.806e-01 -4.000  1.209e+00 0.618 4.728e+10 -3.181e-23  0.000e+00  1.378e-06  1.000e+00 
 6.99   0.00     2.806e-01 -4.000  1.209e+00 0.618 4.622e+10 -3.180e-23  0.000e+00  1.413e-06  1.000e+00 
 6.98   0.00     2.806e-01 -4.000  1.209e+00 0.618 4.522e+10 -3.177e-23  0.000e+00  1.449e-06  1.000e+00 
 6.97   0.00     2.806e-01 -4.000  1.209e+00 0.618 4.427e+10 -3.172e-23  0.000e+00  1.485e-06  1.000e+00 
 6.96   0.00     2.806e-01 -4.000  1.209e+00 0.618 4.338e+10 -3.162e-23  0.000e+00  1.525e-06  1.000e+00 
 6.95   0.00     2.806e-01 -4.000  1.209e+00 0.618 4.251e+10 -3.153e-23  0.000e+00  1.565e-06  1.000e+00 
 6.94   0.00     2.806e-01 -4.000  1.209e+00 0.618 4.169e+10 -3.142e-23  0.000e+00  1.605e-06  1.000e+00 
 6.93   0.00     2.806e-01 -4.000  1.209e+00 0.618 4.091e+10 -3.130e-23  0.000e+00  1.646e-06  1.000e+00 
 6.92   0.00     2.806e-01 -4.000  1.209e+00 0.618 4.016e+10 -3.115e-23  0.000e+00  1.691e-06  1.000e+00 
 6.91   0.00     2.806e-01 -4.000  1.209e+00 0.618 3.943e+10 -3.100e-23  0.000e+00  1.735e-06  1.000e+00 
 6.90   0.00     2.806e-01 -4.000  1.209e+00 0.618 3.874e+10 -3.084e-23  0.000e+00  1.780e-06  1.000e+00 
 6.89   0.00     2.806e-01 -4.000  1.209e+00 0.618 3.805e+10 -3.068e-23  0.000e+00  1.825e-06  1.000e+00 
 6.88   0.00     2.806e-01 -4.000  1.209e+00 0.618 3.740e+10 -3.051e-23  0.000e+00  1.875e-06  1.000e+00 
 6.87   0.00     2.806e-01 -4.000  1.209e+00 0.618 3.675e+10 -3.034e-23  0.000e+00  1.925e-06  1.000e+00 
 6.86   0.00     2.806e-01 -4.000  1.209e+00 0.618 3.612e+10 -3.017e-23  0.000e+00  1.975e-06  1.000e+00 
 6.85   0.00     2.806e-01 -4.000  1.209e+00 0.618 3.549e+10 -3.001e-23  0.000e+00  2.026e-06  1.000e+00 
 6.84   0.00     2.806e-01 -4.000  1.209e+00 0.618 3.487e+10 -2.985e-23  0.000e+00  2.082e-06  1.000e+00 
 6.83   0.00     2.806e-01 -4.000  1.209e+00 0.618 3.425e+10 -2.969e-23  0.000e+00  2.137e-06  1.000e+00 
 6.82   0.00     2.806e-01 -4.000  1.209e+00 0.618 3.363e+10 -2.955e-23  0.000e+00  2.193e-06  1.000e+00 
 6.81   0.00     2.806e-01 -4.000  1.209e+00 0.618 3.302e+10 -2.941e-23  0.000e+00  2.251e-06  1.000e+00 
 6.80   0.00     2.806e-01 -4.000  1.209e+00 0.618 3.240e+10 -2.930e-23  0.000e+00  2.314e-06  1.000e+00 
 6.79   0.00     2.806e-01 -4.000  1.209e+00 0.618 3.178e+10 -2.919e-23  0.000e+00  2.377e-06  1.000e+00 
 6.78   0.00     2.806e-01 -4.000  1.209e+00 0.618 3.115e+10 -2.910e-23  0.000e+00  2.439e-06  1.000e+00 
 6.77   0.00     2.806e-01 -4.000  1.209e+00 0.618 3.051e+10 -2.903e-23  0.000e+00  2.506e-06  1.000e+00 
 6.76   0.00     2.806e-01 -4.000  1.209e+00 0.618 2.988e+10 -2.896e-23  0.000e+00  2.576e-06  1.000e+00 
 6.75   0.00     2.806e-01 -4.000  1.209e+00 0.618 2.924e+10 -2.892e-23  0.000e+00  2.646e-06  1.000e+00 
 6.74   0.00     2.806e-01 -4.000  1.209e+00 0.618 2.860e+10 -2.890e-23  0.000e+00  2.717e-06  1.000e+00 
 6.73   0.00     2.806e-01 -4.000  1.209e+00 0.618 2.795e+10 -2.890e-23  0.000e+00  2.791e-06  1.000e+00 
 6.72   0.00     2.806e-01 -4.000  1.209e+00 0.618 2.731e+10 -2.890e-23  0.000e+00  2.871e-06  1.000e+00 
 6.71   0.00     2.806e-01 -4.000  1.209e+00 0.618 2.666e+10 -2.894e-23  0.000e+00  2.950e-06  1.000e+00 
 6.70   0.00     2.806e-01 -4.000  1.209e+00 0.618 2.599e+10 -2.900e-23  0.000e+00  3.030e-06  1.000e+00 
 6.69   0.00     2.806e-01 -4.000  1.209e+00 0.618 2.534e+10 -2.907e-23  0.000e+00  3.115e-06  1.000e+00 
 6.68   0.00     2.806e-01 -4.000  1.209e+00 0.618 2.468e+10 -2.916e-23  0.000e+00  3.204e-06  1.000e+00 
 6.67   0.00     2.806e-01 -4.000  1.209e+00 0.618 2.403e+10 -2.928e-23  0.000e+00  3.294e-06  1.000e+00 
 6.66   0.00     2.806e-01 -4.000  1.208e+00 0.618 2.335e+10 -2.944e-23  0.000e+00  3.385e-06  1.000e+00 
 6.65   0.00     2.806e-01 -4.000  1.208e+00 0.618 2.268e+10 -2.962e-23  0.000e+00  3.480e-06  1.000e+00 
 6.64   0.00     2.806e-01 -4.000  1.208e+00 0.618 2.201e+10 -2.983e-23  0.000e+00  3.582e-06  1.000e+00 
 6.63   0.00     2.806e-01 -4.000  1.208e+00 0.618 2.132e+10 -3.009e-23  0.000e+00  3.684e-06  1.000e+00 
 6.62   0.00     2.806e-01 -4.000  1.208e+00 0.618 2.062e+10 -3.041e-23  0.000e+00  3.787e-06  1.000e+00 
 6.61   0.00     2.806e-01 -4.000  1.208e+00 0.618 1.992e+10 -3.076e-23  0.000e+00  3.896e-06  1.000e+00 
 6.60   0.00     2.806e-01 -4.000  1.208e+00 0.618 1.922e+10 -3.115e-23  0.000e+00  4.013e-06  1.000e+00 
 6.59   0.00     2.806e-01 -4.000  1.208e+00 0.618 1.851e+10 -3.161e-23  0.000e+00  4.129e-06  1.000e+00 
 6.58   0.00     2.806e-01 -4.000  1.208e+00 0.618 1.779e+10 -3.216e-23  0.000e+00  4.247e-06  1.000e+00 
 6.57   0.00     2.806e-01 -4.000  1.208e+00 0.618 1.706e+10 -3.275e-23  0.000e+00  4.371e-06  1.000e+00 
 6.56   0.00     2.806e-01 -4.000  1.208e+00 0.618 1.635e+10 -3.340e-23  0.000e+00  4.503e-06  1.000e+00 
 6.55   0.00     2.806e-01 -4.000  1.208e+00 0.618 1.563e+10 -3.415e-23  0.000e+00  4.637e-06  1.000e+00 
 6.54   0.00     2.806e-01 -4.000  1.208e+00 0.618 1.489e+10 -3.500e-23  0.000e+00  4.771e-06  1.000e+00 
 6.53   0.00     2.806e-01 -4.000  1.208e+00 0.618 1.419e+10 -3.592e-23  0.000e+00  4.913e-06  1.000e+00 
 6.52   0.00     2.806e-01 -4.000  1.208e+00 0.618 1.350e+10 -3.689e-23  0.000e+00  5.065e-06  1.000e+00 
 6.51   0.00     2.806e-01 -4.000  1.208e+00 0.618 1.282e+10 -3.798e-23  0.000e+00  5.217e-06  1.000e+00 
 6.50   0.00     2.806e-01 -4.000  1.208e+00 0.618 1.214e+10 -3.919e-23  0.000e+00  5.372e-06  1.000e+00 
 6.49   0.00     2.806e-01 -4.000  1.208e+00 0.618 1.149e+10 -4.045e-23  0.000e+00  5.536e-06  1.000e+00 
 6.48   0.00     2.806e-01 -4.000  1.208e+00 0.618 1.088e+10 -4.173e-23  0.000e+00  5.710e-06  1.000e+00 
 6.47   0.00     2.806e-01 -4.000  1.208e+00 0.618 1.029e+10 -4.315e-23  0.000e+00  5.886e-06  1.000e+00 
 6.46   0.00     2.806e-01 -4.000  1.208e+00 0.618 9.707e+09 -4.467e-23  0.000e+00  6.063e-06  1.000e+00 
 6.45   0.00     2.806e-01 -4.000  1.208e+00 0.618 9.167e+09 -4.623e-23  0.000e+00  6.253e-06  1.000e+00 
 6.44   0.00     2.806e-01 -4.000  1.208e+00 0.618 8.659e+09 -4.783e-23  0.000e+00  6.453e-06  1.000e+00 
 6.43   0.00     2.806e-01 -4.000  1.208e+00 0.618 8.167e+09 -4.955e-23  0.000e+00  6.655e-06  1.000e+00 
 6.42   0.00     2.806e-01 -4.000  1.208e+00 0.618 7.690e+09 -5.144e-23  0.000e+00  6.860e-06  1.000e+00 
 6.41   0.00     2.806e-01 -4.000  1.208e+00 0.618 7.251e+09 -5.330e-23  0.000e+00  7.081e-06  1.000e+00 
 6.40   0.00     2.806e-01 -4.000  1.208e+00 0.618 6.841e+09 -5.520e-23  0.000e+00  7.312e-06  1.000e+00 
 6.39   0.00     2.806e-01 -4.000  1.208e+00 0.618 6.444e+09 -5.728e-23  0.000e+00  7.546e-06  1.000e+00 
 6.38   0.00     2.806e-01 -4.000  1.208e+00 0.618 6.057e+09 -5.955e-23  0.000e+00  7.784e-06  1.000e+00 
 6.37   0.00     2.806e-01 -4.000  1.208e+00 0.618 5.693e+09 -6.191e-23  0.000e+00  8.040e-06  1.000e+00 
 6.36   0.00     2.806e-01 -4.000  1.208e+00 0.618 5.347e+09 -6.442e-23  0.000e+00  8.309e-06  1.000e+00 
 6.35   0.00     2.806e-01 -4.000  1.208e+00 0.618 5.011e+09 -6.717e-23  0.000e+00  8.582e-06  1.000e+00 
 6.34   0.00     2.806e-01 -4.000  1.208e+00 0.618 4.686e+09 -7.019e-23  0.000e+00  8.859e-06  1.000e+00 
 6.33   0.00     2.806e-01 -4.000  1.208e+00 0.618 4.389e+09 -7.323e-23  0.000e+00  9.157e-06  1.000e+00 
 6.32   0.00     2.806e-01 -4.000  1.208e+00 0.618 4.113e+09 -7.637e-23  0.000e+00  9.470e-06  1.000e+00 
 6.31   0.00     2.806e-01 -4.000  1.208e+00 0.618 3.849e+09 -7.974e-23  0.000e+00  9.789e-06  1.000e+00 
 6.30   0.00     2.806e-01 -4.000  1.207e+00 0.618 3.599e+09 -8.336e-23  0.000e+00  1.011e-05  1.000e+00 
 6.29   0.00     2.806e-01 -4.000  1.207e+00 0.618 3.372e+09 -8.695e-23  0.000e+00  1.046e-05  1.000e+00 
 6.28   0.00     2.806e-01 -4.000  1.207e+00 0.618 3.162e+09 -9.059e-23  1.059e-10  1.083e-05  1.000e+00 
 6.27   0.00     2.806e-01 -4.000  1.207e+00 0.618 2.966e+09 -9.437e-23  1.134e-10  1.120e-05  1.000e+00 
 6.26   0.00     2.806e-01 -4.000  1.207e+00 0.618 2.784e+09 -9.829e-23  1.212e-10  1.158e-05  1.000e+00 
 6.25   0.00     2.806e-01 -4.000  1.207e+00 0.618 2.623e+09 -1.020e-22  1.301e-10  1.200e-05  1.000e+00 
 6.24   0.00     2.806e-01 -4.000  1.207e+00 0.618 2.477e+09 -1.055e-22  1.395e-10  1.243e-05  1.000e+00 
 6.23   0.00     2.806e-01 -4.000  1.207e+00 0.618 2.343e+09 -1.089e-22  1.496e-10  1.287e-05  1.000e+00 
 6.22   0.00     2.806e-01 -4.000  1.207e+00 0.618 2.218e+09 -1.125e-22  1.602e-10  1.332e-05  1.000e+00 
 6.21   0.00     2.806e-01 -4.000  1.207e+00 0.618 2.109e+09 -1.156e-22  1.720e-10  1.381e-05  1.000e+00 
 6.20   0.00     2.806e-01 -4.000  1.207e+00 0.618 2.010e+09 -1.185e-22  1.848e-10  1.431e-05  1.000e+00 
 6.19   0.00     2.806e-01 -4.000  1.207e+00 0.618 1.917e+09 -1.214e-22  1.983e-10  1.484e-05  1.000e+00 
 6.18   0.00     2.806e-01 -4.000  1.207e+00 0.618 1.832e+09 -1.243e-22  2.127e-10  1.537e-05  1.000e+00 
 6.17   0.00     2.806e-01 -4.000  1.207e+00 0.618 1.755e+09 -1.267e-22  2.287e-10  1.595e-05  1.000e+00 
 6.16   0.00     2.806e-01 -4.000  1.207e+00 0.618 1.684e+09 -1.290e-22  2.460e-10  1.655e-05  1.000e+00 
 6.15   0.00     2.806e-01 -4.000  1.207e+00 0.618 1.617e+09 -1.313e-22  2.644e-10  1.717e-05  1.000e+00 
 6.14   0.00     2.806e-01 -4.000  1.207e+00 0.618 1.553e+09 -1.336e-22  2.838e-10  1.781e-05  1.000e+00 
 6.13   0.00     2.806e-01 -4.000  1.207e+00 0.618 1.495e+09 -1.356e-22  3.058e-10  1.851e-05  1.000e+00 
 6.12   0.00     2.806e-01 -4.000  1.207e+00 0.618 1.441e+09 -1.375e-22  3.293e-10  1.923e-05  1.000e+00 
 6.11   0.00     2.806e-01 -4.000  1.207e+00 0.618 1.389e+09 -1.395e-22  3.544e-10  1.998e-05  1.000e+00 
 6.10   0.00     2.806e-01 -4.000  1.207e+00 0.618 1.337e+09 -1.415e-22  3.810e-10  2.074e-05  1.000e+00 
 6.09   0.00     2.806e-01 -4.000  1.207e+00 0.618 1.291e+09 -1.432e-22  4.109e-10  2.156e-05  1.000e+00 
 6.08   0.00     2.806e-01 -4.000  1.207e+00 0.618 1.247e+09 -1.449e-22  4.433e-10  2.243e-05  1.000e+00 
 6.07   0.00     2.806e-01 -4.000  1.207e+00 0.618 1.204e+09 -1.467e-22  4.777e-10  2.333e-05  1.000e+00 
 6.06   0.00     2.806e-01 -4.000  1.207e+00 0.618 1.162e+09 -1.485e-22  5.145e-10  2.426e-05  1.000e+00 
 6.05   0.00     2.806e-01 -4.000  1.207e+00 0.618 1.125e+09 -1.499e-22  5.556e-10  2.526e-05  1.000e+00 
 6.04   0.00     2.806e-01 -4.000  1.207e+00 0.618 1.089e+09 -1.513e-22  6.001e-10  2.630e-05  1.000e+00 
 6.03   0.00     2.806e-01 -4.000  1.207e+00 0.618 1.055e+09 -1.527e-22  6.477e-10  2.739e-05  1.000e+00 
 6.02   0.00     2.806e-01 -4.000  1.207e+00 0.618 1.022e+09 -1.540e-22  6.988e-10  2.852e-05  1.000e+00 
 6.01   0.00     2.806e-01 -4.000  1.207e+00 0.618 9.928e+08 -1.549e-22  7.556e-10  2.973e-05  1.000e+00 
 6.00   0.00     2.806e-01 -4.000  1.206e+00 0.618 9.660e+08 -1.556e-22  8.173e-10  3.101e-05  1.000e+00 
 5.99   0.00     2.806e-01 -4.000  1.206e+00 0.618 9.403e+08 -1.562e-22  8.836e-10  3.233e-05  1.000e+00 
 5.98   0.00     2.806e-01 -4.000  1.206e+00 0.618 9.160e+08 -1.567e-22  9.549e-10  3.371e-05  1.000e+00 
 5.97   0.00     2.806e-01 -4.000  1.206e+00 0.618 8.950e+08 -1.567e-22  1.034e-09  3.519e-05  1.000e+00 
 5.96   0.00     2.806e-01 -4.000  1.206e+00 0.618 8.754e+08 -1.565e-22  1.121e-09  3.676e-05  1.000e+00 
 5.95   0.00     2.806e-01 -4.000  1.206e+00 0.618 8.568e+08 -1.563e-22  1.213e-09  3.838e-05  1.000e+00 
 5.94   0.00     2.806e-01 -4.000  1.206e+00 0.618 8.389e+08 -1.561e-22  1.313e-09  4.008e-05  1.000e+00 
 5.93   0.00     2.806e-01 -4.000  1.206e+00 0.618 8.229e+08 -1.554e-22  1.425e-09  4.191e-05  1.000e+00 
 5.92   0.00     2.806e-01 -4.000  1.206e+00 0.618 8.074e+08 -1.548e-22  1.546e-09  4.384e-05  1.000e+00 
 5.91   0.00     2.806e-01 -4.000  1.206e+00 0.618 7.918e+08 -1.543e-22  1.676e-09  4.586e-05  1.000e+00 
 5.90   0.00     2.806e-01 -4.000  1.206e+00 0.618 7.758e+08 -1.538e-22  1.819e-09  4.798e-05  1.000e+00 
 5.89   0.00     2.806e-01 -4.000  1.206e+00 0.618 7.606e+08 -1.534e-22  1.976e-09  5.026e-05  9.999e-01 
 5.88   0.00     2.806e-01 -4.000  1.206e+00 0.618 7.447e+08 -1.530e-22  2.147e-09  5.265e-05  9.999e-01 
 5.87   0.00     2.806e-01 -4.000  1.206e+00 0.618 7.276e+08 -1.531e-22  2.333e-09  5.517e-05  9.999e-01 
 5.86   0.00     2.806e-01 -4.000  1.206e+00 0.618 7.088e+08 -1.536e-22  2.535e-09  5.782e-05  9.999e-01 
 5.85   0.00     2.806e-01 -4.000  1.206e+00 0.618 6.904e+08 -1.541e-22  2.759e-09  6.067e-05  9.999e-01 
 5.84   0.00     2.806e-01 -4.000  1.206e+00 0.618 6.707e+08 -1.550e-22  3.004e-09  6.368e-05  9.999e-01 
 5.83   0.00     2.806e-01 -4.000  1.206e+00 0.618 6.492e+08 -1.565e-22  3.271e-09  6.686e-05  9.999e-01 
 5.82   0.00     2.806e-01 -4.000  1.206e+00 0.618 6.256e+08 -1.587e-22  3.562e-09  7.023e-05  9.999e-01 
 5.81   0.00     2.806e-01 -4.000  1.206e+00 0.618 6.038e+08 -1.606e-22  3.882e-09  7.382e-05  9.999e-01 
 5.80   0.00     2.806e-01 -4.000  1.206e+00 0.618 5.814e+08 -1.631e-22  4.234e-09  7.763e-05  9.999e-01 
 5.79   0.00     2.806e-01 -4.000  1.206e+00 0.618 5.580e+08 -1.660e-22  4.619e-09  8.168e-05  9.999e-01 
 5.78   0.00     2.806e-01 -4.000  1.206e+00 0.618 5.340e+08 -1.695e-22  5.042e-09  8.598e-05  9.999e-01 
 5.77   0.00     2.806e-01 -4.000  1.206e+00 0.618 5.139e+08 -1.721e-22  5.505e-09  9.056e-05  9.999e-01 
 5.76   0.00     2.806e-01 -4.000  1.206e+00 0.618 4.945e+08 -1.749e-22  6.016e-09  9.544e-05  9.999e-01 
 5.75   0.00     2.806e-01 -4.000  1.206e+00 0.618 4.753e+08 -1.777e-22  6.577e-09  1.006e-04  9.999e-01 
 5.74   0.00     2.806e-01 -4.000  1.206e+00 0.618 4.571e+08 -1.806e-22  7.198e-09  1.062e-04  9.999e-01 
 5.73   0.00     2.806e-01 -4.000  1.206e+00 0.618 4.422e+08 -1.824e-22  7.873e-09  1.121e-04  9.999e-01 
 5.72   0.00     2.806e-01 -4.000  1.206e+00 0.618 4.282e+08 -1.841e-22  8.619e-09  1.185e-04  9.999e-01 
 5.71   0.00     2.806e-01 -4.000  1.206e+00 0.618 4.148e+08 -1.858e-22  9.445e-09  1.252e-04  9.999e-01 
 5.70   0.00     2.806e-01 -4.000  1.206e+00 0.618 4.020e+08 -1.873e-22  1.037e-08  1.325e-04  9.999e-01 
 5.69   0.00     2.806e-01 -4.000  1.206e+00 0.618 3.913e+08 -1.881e-22  1.136e-08  1.402e-04  9.999e-01 
 5.68   0.00     2.806e-01 -4.000  1.206e+00 0.618 3.809e+08 -1.887e-22  1.245e-08  1.485e-04  9.999e-01 
 5.67   0.00     2.806e-01 -4.000  1.206e+00 0.618 3.706e+08 -1.896e-22  1.369e-08  1.574e-04  9.998e-01 
 5.66   0.00     2.806e-01 -4.000  1.206e+00 0.618 3.603e+08 -1.906e-22  1.506e-08  1.670e-04  9.998e-01 
 5.65   0.00     2.806e-01 -4.000  1.206e+00 0.618 3.509e+08 -1.912e-22  1.654e-08  1.772e-04  9.998e-01 
 5.64   0.00     2.806e-01 -4.000  1.206e+00 0.618 3.414e+08 -1.921e-22  1.819e-08  1.882e-04  9.998e-01 
 5.63   0.00     2.806e-01 -4.000  1.206e+00 0.618 3.313e+08 -1.934e-22  2.003e-08  2.001e-04  9.998e-01 
 5.62   0.00     2.806e-01 -4.000  1.206e+00 0.618 3.204e+08 -1.954e-22  2.210e-08  2.130e-04  9.998e-01 
 5.61   0.00     2.806e-01 -4.000  1.206e+00 0.619 3.103e+08 -1.972e-22  2.432e-08  2.266e-04  9.998e-01 
 5.60   0.00     2.806e-01 -4.000  1.206e+00 0.619 2.994e+08 -1.997e-22  2.682e-08  2.414e-04  9.998e-01 
 5.59   0.00     2.806e-01 -4.000  1.206e+00 0.619 2.873e+08 -2.034e-22  2.962e-08  2.575e-04  9.997e-01 
 5.58   0.00     2.806e-01 -4.000  1.206e+00 0.619 2.739e+08 -2.085e-22  3.278e-08  2.751e-04  9.997e-01 
 5.57   0.00     2.806e-01 -4.000  1.205e+00 0.619 2.614e+08 -2.135e-22  3.615e-08  2.936e-04  9.997e-01 
 5.56   0.00     2.806e-01 -4.000  1.205e+00 0.619 2.478e+08 -2.201e-22  3.996e-08  3.137e-04  9.997e-01 
 5.55   0.00     2.806e-01 -4.000  1.205e+00 0.619 2.327e+08 -2.290e-22  4.429e-08  3.359e-04  9.997e-01 
 5.54   0.00     2.806e-01 -4.000  1.205e+00 0.619 2.163e+08 -2.408e-22  4.920e-08  3.603e-04  9.996e-01 
 5.53   0.00     2.806e-01 -4.000  1.205e+00 0.619 2.020e+08 -2.520e-22  5.439e-08  3.857e-04  9.996e-01 
 5.52   0.00     2.806e-01 -4.000  1.205e+00 0.619 1.870e+08 -2.660e-22  6.028e-08  4.137e-04  9.996e-01 
 5.51   0.00     2.806e-01 -4.000  1.205e+00 0.619 1.712e+08 -2.838e-22  6.704e-08  4.447e-04  9.996e-01 
 5.50   0.00     2.806e-01 -4.000  1.205e+00 0.619 1.554e+08 -3.057e-22  7.476e-08  4.791e-04  9.995e-01 
 5.49   0.00     2.806e-01 -4.000  1.205e+00 0.619 1.429e+08 -3.247e-22  8.283e-08  5.146e-04  9.995e-01 
 5.48   0.00     2.806e-01 -4.000  1.205e+00 0.619 1.307e+08 -3.469e-22  9.210e-08  5.540e-04  9.994e-01 
 5.47   0.00     2.806e-01 -4.000  1.205e+00 0.619 1.190e+08 -3.727e-22  1.028e-07  5.982e-04  9.994e-01 
 5.46   0.00     2.806e-01 -4.000  1.205e+00 0.619 1.080e+08 -4.010e-22  1.152e-07  6.476e-04  9.994e-01 
 5.45   0.00     2.806e-01 -4.000  1.205e+00 0.619 1.004e+08 -4.215e-22  1.279e-07  6.981e-04  9.993e-01 
 5.44   0.00     2.806e-01 -4.000  1.205e+00 0.619 9.334e+07 -4.431e-22  1.426e-07  7.549e-04  9.992e-01 
 5.43   0.00     2.806e-01 -4.000  1.205e+00 0.619 8.696e+07 -4.647e-22  1.599e-07  8.191e-04  9.992e-01 
 5.42   0.00     2.806e-01 -4.000  1.205e+00 0.619 8.147e+07 -4.847e-22  1.798e-07  8.911e-04  9.991e-01 
 5.41   0.00     2.806e-01 -4.000  1.204e+00 0.619 7.778e+07 -4.961e-22  2.004e-07  9.647e-04  9.990e-01 
 5.40   0.00     2.806e-01 -4.000  1.204e+00 0.619 7.446e+07 -5.064e-22  2.244e-07  1.048e-03  9.990e-01 
 5.39   0.00     2.806e-01 -4.000  1.204e+00 0.619 7.153e+07 -5.153e-22  2.526e-07  1.143e-03  9.989e-01 
 5.38   0.00     2.806e-01 -4.000  1.204e+00 0.619 6.902e+07 -5.218e-22  2.854e-07  1.250e-03  9.987e-01 
 5.37   0.00     2.806e-01 -4.000  1.204e+00 0.619 6.723e+07 -5.235e-22  3.192e-07  1.361e-03  9.986e-01 
 5.36   0.00     2.806e-01 -4.000  1.204e+00 0.619 6.556e+07 -5.246e-22  3.589e-07  1.486e-03  9.985e-01 
 5.35   0.00     2.806e-01 -4.000  1.204e+00 0.619 6.398e+07 -5.252e-22  4.061e-07  1.630e-03  9.983e-01 
 5.34   0.00     2.806e-01 -4.000  1.204e+00 0.619 6.252e+07 -5.253e-22  4.610e-07  1.794e-03  9.982e-01 
 5.33   0.00     2.806e-01 -4.000  1.204e+00 0.619 6.130e+07 -5.235e-22  5.176e-07  1.961e-03  9.980e-01 
 5.32   0.00     2.806e-01 -4.000  1.204e+00 0.619 6.007e+07 -5.220e-22  5.846e-07  2.153e-03  9.979e-01 
 5.31   0.00     2.806e-01 -4.000  1.204e+00 0.619 5.878e+07 -5.213e-22  6.652e-07  2.378e-03  9.976e-01 
 5.30   0.00     2.806e-01 -4.000  1.204e+00 0.619 5.747e+07 -5.211e-22  7.595e-07  2.634e-03  9.974e-01 
 5.29   0.00     2.806e-01 -4.000  1.204e+00 0.619 5.634e+07 -5.195e-22  8.560e-07  2.895e-03  9.971e-01 
 5.28   0.00     2.806e-01 -4.000  1.204e+00 0.619 5.514e+07 -5.186e-22  9.715e-07  3.198e-03  9.968e-01 
 5.27   0.00     2.806e-01 -4.000  1.203e+00 0.619 5.388e+07 -5.186e-22  1.113e-06  3.557e-03  9.965e-01 
 5.26   0.00     2.806e-01 -4.000  1.203e+00 0.619 5.263e+07 -5.189e-22  1.279e-06  3.971e-03  9.960e-01 
 5.25   0.00     2.806e-01 -4.000  1.203e+00 0.619 5.159e+07 -5.173e-22  1.447e-06  4.386e-03  9.956e-01 
 5.24   0.00     2.806e-01 -4.000  1.203e+00 0.619 5.053e+07 -5.161e-22  1.652e-06  4.879e-03  9.951e-01 
 5.23   0.00     2.806e-01 -4.000  1.203e+00 0.619 4.944e+07 -5.153e-22  1.904e-06  5.469e-03  9.945e-01 
 5.22   0.00     2.806e-01 -4.000  1.203e+00 0.619 4.840e+07 -5.145e-22  2.205e-06  6.156e-03  9.938e-01 
 5.21   0.00     2.806e-01 -4.000  1.203e+00 0.619 4.755e+07 -5.118e-22  2.506e-06  6.837e-03  9.932e-01 
 5.20   0.00     2.806e-01 -4.000  1.203e+00 0.619 4.666e+07 -5.096e-22  2.878e-06  7.658e-03  9.924e-01 
 5.19   0.00     2.806e-01 -4.000  1.203e+00 0.619 4.573e+07 -5.082e-22  3.346e-06  8.660e-03  9.914e-01 
 5.18   0.00     2.806e-01 -4.000  1.202e+00 0.619 4.477e+07 -5.071e-22  3.905e-06  9.836e-03  9.901e-01 
 5.17   0.00     2.806e-01 -4.000  1.202e+00 0.619 4.395e+07 -5.048e-22  4.460e-06  1.099e-02  9.890e-01 
 5.16   0.00     2.806e-01 -4.000  1.202e+00 0.619 4.304e+07 -5.037e-22  5.158e-06  1.240e-02  9.876e-01 
 5.15   0.00     2.806e-01 -4.000  1.202e+00 0.619 4.201e+07 -5.043e-22  6.047e-06  1.415e-02  9.859e-01 
 5.14   0.00     2.806e-01 -4.000  1.202e+00 0.620 4.090e+07 -5.061e-22  7.121e-06  1.622e-02  9.837e-01 
 5.13   0.00     2.806e-01 -4.000  1.201e+00 0.620 3.994e+07 -5.064e-22  8.181e-06  1.822e-02  9.818e-01 
 5.12   0.00     2.806e-01 -4.000  1.201e+00 0.620 3.884e+07 -5.088e-22  9.532e-06  2.072e-02  9.792e-01 
 5.11   0.00     2.806e-01 -4.000  1.201e+00 0.620 3.761e+07 -5.135e-22  1.128e-05  2.388e-02  9.761e-01 
 5.10   0.00     2.806e-01 -4.000  1.200e+00 0.620 3.631e+07 -5.196e-22  1.341e-05  2.762e-02  9.724e-01 
 5.09   0.00     2.806e-01 -4.000  1.200e+00 0.620 3.525e+07 -5.229e-22  1.551e-05  3.123e-02  9.688e-01 
 5.08   0.00     2.806e-01 -4.000  1.200e+00 0.620 3.410e+07 -5.282e-22  1.822e-05  3.578e-02  9.643e-01 
 5.07   0.00     2.806e-01 -4.000  1.199e+00 0.620 3.286e+07 -5.354e-22  2.180e-05  4.161e-02  9.584e-01 
 5.06   0.00     2.806e-01 -4.000  1.198e+00 0.621 3.169e+07 -5.426e-22  2.615e-05  4.852e-02  9.514e-01 
 5.05   0.00     2.806e-01 -4.000  1.197e+00 0.621 3.079e+07 -5.453e-22  3.048e-05  5.518e-02  9.448e-01 
 5.04   0.00     2.806e-01 -4.000  1.197e+00 0.621 2.990e+07 -5.487e-22  3.612e-05  6.361e-02  9.363e-01 
 5.03   0.00     2.806e-01 -4.000  1.195e+00 0.621 2.899e+07 -5.528e-22  4.369e-05  7.459e-02  9.253e-01 
 5.02   0.00     2.806e-01 -4.000  1.194e+00 0.622 2.819e+07 -5.551e-22  5.291e-05  8.750e-02  9.125e-01 
 5.01   0.00     2.806e-01 -4.000  1.193e+00 0.622 2.764e+07 -5.529e-22  6.206e-05  9.976e-02  9.002e-01 
 5.00   0.00     2.806e-01 -4.000  1.191e+00 0.623 2.711e+07 -5.507e-22  7.410e-05  1.153e-01  8.846e-01 
 4.99   0.00     2.806e-01 -4.000  1.189e+00 0.623 2.657e+07 -5.485e-22  9.055e-05  1.358e-01  8.641e-01 
 4.98   0.00     2.806e-01 -4.000  1.187e+00 0.624 2.611e+07 -5.448e-22  1.105e-04  1.594e-01  8.405e-01 
 4.97   0.00     2.806e-01 -4.000  1.184e+00 0.624 2.582e+07 -5.379e-22  1.300e-04  1.810e-01  8.187e-01 
 4.96   0.00     2.806e-01 -4.000  1.181e+00 0.625 2.554e+07 -5.309e-22  1.558e-04  2.085e-01  7.913e-01 
 4.95   0.00     2.806e-01 -4.000  1.178e+00 0.626 2.524e+07 -5.241e-22  1.914e-04  2.443e-01  7.555e-01 
 4.94   0.00     2.806e-01 -4.000  1.174e+00 0.627 2.500e+07 -5.161e-22  2.336e-04  2.839e-01  7.158e-01 
 4.93   0.00     2.806e-01 -4.000  1.170e+00 0.628 2.490e+07 -5.057e-22  2.741e-04  3.180e-01  6.816e-01 
 4.92   0.00     2.806e-01 -4.000  1.166e+00 0.629 2.481e+07 -4.949e-22  3.273e-04  3.603e-01  6.394e-01 
 4.91   0.00     2.806e-01 -4.000  1.160e+00 0.631 2.477e+07 -4.834e-22  3.992e-04  4.134e-01  5.862e-01 
 4.90   0.00     2.806e-01 -4.000  1.155e+00 0.633 2.480e+07 -4.705e-22  4.814e-04  4.680e-01  5.316e-01 
 4.89   0.00     2.806e-01 -4.000  1.151e+00 0.634 2.495e+07 -4.563e-22  5.576e-04  5.110e-01  4.884e-01 
 4.88   0.00     2.806e-01 -4.000  1.146e+00 0.635 2.516e+07 -4.411e-22  6.555e-04  5.614e-01  4.379e-01 
 4.87   0.00     2.806e-01 -4.000  1.140e+00 0.636 2.549e+07 -4.244e-22  7.829e-04  6.207e-01  3.785e-01 
 4.86   0.00     2.806e-01 -4.000  1.135e+00 0.638 2.590e+07 -4.072e-22  9.215e-04  6.754e-01  3.237e-01 
 4.85   0.00     2.806e-01 -4.000  1.130e+00 0.639 2.635e+07 -3.906e-22  1.048e-03  7.140e-01  2.849e-01 
 4.84   0.00     2.806e-01 -4.000  1.126e+00 0.640 2.691e+07 -3.730e-22  1.207e-03  7.564e-01  2.424e-01 
 4.83   0.00     2.806e-01 -4.000  1.122e+00 0.642 2.761e+07 -3.544e-22  1.409e-03  8.023e-01  1.962e-01 
 4.82   0.00     2.806e-01 -4.000  1.117e+00 0.643 2.835e+07 -3.367e-22  1.624e-03  8.403e-01  1.582e-01 
 4.81   0.00     2.806e-01 -4.000  1.115e+00 0.644 2.902e+07 -3.210e-22  1.826e-03  8.644e-01  1.338e-01 
 4.80   0.00     2.806e-01 -4.000  1.113e+00 0.644 2.983e+07 -3.050e-22  2.078e-03  8.892e-01  1.087e-01 
 4.79   0.00     2.806e-01 -4.000  1.110e+00 0.645 3.077e+07 -2.885e-22  2.399e-03  9.146e-01  8.306e-02 
 4.78   0.00     2.806e-01 -4.000  1.108e+00 0.646 3.167e+07 -2.736e-22  2.745e-03  9.334e-01  6.383e-02 
 4.77   0.00     2.806e-01 -4.000  1.107e+00 0.646 3.245e+07 -2.609e-22  3.085e-03  9.445e-01  5.239e-02 
 4.76   0.00     2.806e-01 -4.000  1.105e+00 0.647 3.334e+07 -2.480e-22  3.515e-03  9.554e-01  4.107e-02 
 4.75   0.00     2.806e-01 -4.000  1.104e+00 0.647 3.436e+07 -2.351e-22  4.075e-03  9.660e-01  2.991e-02 
 4.74   0.00     2.806e-01 -4.000  1.103e+00 0.647 3.528e+07 -2.236e-22  4.686e-03  9.732e-01  2.216e-02 
 4.73   0.00     2.806e-01 -4.000  1.103e+00 0.647 3.606e+07 -2.138e-22  5.308e-03  9.769e-01  1.779e-02 
 4.72   0.00     2.806e-01 -4.000  1.102e+00 0.648 3.692e+07 -2.040e-22  6.107e-03  9.803e-01  1.357e-02 
 4.71   0.00     2.806e-01 -4.000  1.102e+00 0.648 3.788e+07 -1.942e-22  7.176e-03  9.834e-01  9.443e-03 
 4.70   0.00     2.806e-01 -4.000  1.101e+00 0.648 3.870e+07 -1.857e-22  8.341e-03  9.849e-01  6.771e-03 
 4.69   0.00     2.806e-01 -4.000  1.101e+00 0.648 3.938e+07 -1.783e-22  9.546e-03  9.851e-01  5.352e-03 
 4.68   0.00     2.806e-01 -4.000  1.101e+00 0.648 4.012e+07 -1.710e-22  1.112e-02  9.849e-01  3.982e-03 
 4.67   0.00     2.806e-01 -4.000  1.100e+00 0.648 4.093e+07 -1.639e-22  1.331e-02  9.841e-01  2.646e-03 
 4.66   0.00     2.806e-01 -4.000  1.100e+00 0.648 4.157e+07 -1.576e-22  1.567e-02  9.825e-01  1.836e-03 
 4.65   0.00     2.806e-01 -4.000  1.099e+00 0.648 4.208e+07 -1.521e-22  1.811e-02  9.805e-01  1.432e-03 
 4.64   0.00     2.806e-01 -4.000  1.099e+00 0.648 4.261e+07 -1.468e-22  2.139e-02  9.775e-01  1.039e-03 
 4.63   0.00     2.806e-01 -4.000  1.099e+00 0.649 4.317e+07 -1.415e-22  2.605e-02  9.733e-01  6.565e-04 
 4.62   0.00     2.806e-01 -4.000  1.098e+00 0.649 4.355e+07 -1.371e-22  3.104e-02  9.685e-01  4.388e-04 
 4.61   0.00     2.806e-01 -4.000  1.097e+00 0.649 4.383e+07 -1.330e-22  3.620e-02  9.635e-01  3.371e-04 
 4.60   0.00     2.806e-01 -4.000  1.097e+00 0.649 4.409e+07 -1.292e-22  4.326e-02  9.566e-01  2.380e-04 
 4.59   0.00     2.806e-01 -4.000  1.096e+00 0.650 4.430e+07 -1.257e-22  5.349e-02  9.464e-01  1.420e-04 
 4.58   0.00     2.806e-01 -4.000  1.094e+00 0.650 4.436e+07 -1.225e-22  6.429e-02  9.356e-01  9.087e-05 
 4.57   0.00     2.806e-01 -4.000  1.093e+00 0.650 4.434e+07 -1.197e-22  7.539e-02  9.245e-01  6.842e-05 
 4.56   0.00     2.806e-01 -4.000  1.092e+00 0.651 4.424e+07 -1.172e-22  9.069e-02  9.093e-01  4.669e-05 
 4.55   0.00     2.806e-01 -4.000  1.089e+00 0.652 4.403e+07 -1.149e-22  1.131e-01  8.869e-01  2.601e-05 
 4.54   0.00     2.806e-01 -4.000  1.086e+00 0.652 4.373e+07 -1.130e-22  1.361e-01  8.639e-01  1.525e-05 
 4.53   0.00     2.806e-01 -4.000  1.084e+00 0.653 4.337e+07 -1.112e-22  1.592e-01  8.408e-01  1.027e-05 
 4.52   0.00     2.806e-01 -4.000  1.080e+00 0.654 4.291e+07 -1.096e-22  1.906e-01  8.094e-01  5.617e-06 
 4.51   0.00     2.806e-01 -4.000  1.075e+00 0.656 4.232e+07 -1.083e-22  2.360e-01  7.640e-01  1.403e-06 
 4.50   0.00     2.806e-01 -4.000  1.071e+00 0.657 4.169e+07 -1.073e-22  2.795e-01  7.205e-01  1.832e-08 
 4.49   0.00     2.806e-01 -4.000  1.066e+00 0.659 4.105e+07 -1.063e-22  3.209e-01  6.791e-01  1.691e-09 
 4.48   0.00     2.806e-01 -4.000  1.061e+00 0.660 4.030e+07 -1.055e-22  3.745e-01  6.255e-01  0.000e+00 
 4.47   0.00     2.806e-01 -4.000  1.053e+00 0.662 3.940e+07 -1.051e-22  4.472e-01  5.528e-01  0.000e+00 
 4.46   0.00     2.806e-01 -4.000  1.046e+00 0.664 3.852e+07 -1.047e-22  5.082e-01  4.918e-01  0.000e+00 
 4.45   0.00     2.806e-01 -4.000  1.040e+00 0.667 3.765e+07 -1.043e-22  5.608e-01  4.392e-01  0.000e+00 
 4.44   0.00     2.806e-01 -4.000  1.033e+00 0.669 3.666e+07 -1.044e-22  6.227e-01  3.773e-01  0.000e+00 
 4.43   0.00     2.806e-01 -4.000  1.024e+00 0.671 3.545e+07 -1.051e-22  6.982e-01  3.018e-01  0.000e+00 
 4.42   0.00     2.806e-01 -4.000  1.018e+00 0.674 3.432e+07 -1.057e-22  7.499e-01  2.501e-01  0.000e+00 
 4.41   0.00     2.806e-01 -4.000  1.012e+00 0.675 3.322e+07 -1.065e-22  7.899e-01  2.101e-01  0.000e+00 
 4.40   0.00     2.806e-01 -4.000  1.006e+00 0.677 3.194e+07 -1.079e-22  8.323e-01  1.677e-01  0.000e+00 
 4.39   0.00     2.806e-01 -4.000  9.987e-01 0.679 3.038e+07 -1.105e-22  8.788e-01  1.212e-01  0.000e+00 
 4.38   0.00     2.806e-01 -4.000  9.936e-01 0.681 2.906e+07 -1.126e-22  9.053e-01  9.470e-02  0.000e+00 
 4.37   0.00     2.806e-01 -4.000  9.887e-01 0.683 2.781e+07 -1.147e-22  9.239e-01  7.610e-02  0.000e+00 
 4.36   0.00     2.806e-01 -4.000  9.828e-01 0.684 2.640e+07 -1.177e-22  9.426e-01  5.746e-02  0.000e+00 
 4.35   0.00     2.806e-01 -4.000  9.750e-01 0.687 2.472e+07 -1.224e-22  9.616e-01  3.836e-02  0.000e+00 
 4.34   0.00     2.806e-01 -4.000  9.684e-01 0.690 2.344e+07 -1.258e-22  9.712e-01  2.880e-02  0.000e+00 
 4.33   0.00     2.806e-01 -4.000  9.614e-01 0.692 2.228e+07 -1.288e-22  9.774e-01  2.253e-02  0.000e+00 
 4.32   0.00     2.806e-01 -4.000  9.517e-01 0.695 2.102e+07 -1.329e-22  9.836e-01  1.637e-02  0.000e+00 
 4.31   0.00     2.806e-01 -4.000  9.378e-01 0.699 1.955e+07 -1.387e-22  9.897e-01  1.026e-02  0.000e+00 
 4.30   0.00     2.806e-01 -4.000  9.250e-01 0.704 1.853e+07 -1.420e-22  9.925e-01  7.476e-03  0.000e+00 
 4.29   0.00     2.806e-01 -4.000  9.107e-01 0.709 1.769e+07 -1.444e-22  9.943e-01  5.732e-03  0.000e+00 
 4.28   0.00     2.806e-01 -4.000  8.908e-01 0.716 1.680e+07 -1.471e-22  9.960e-01  4.037e-03  0.000e+00 
 4.27   0.00     2.806e-01 -4.000  8.610e-01 0.727 1.584e+07 -1.503e-22  9.976e-01  2.386e-03  0.000e+00 
 4.26   0.00     2.806e-01 -4.000  8.344e-01 0.737 1.530e+07 -1.499e-22  9.983e-01  1.689e-03  0.000e+00 
 4.25   0.00     2.806e-01 -4.000  8.051e-01 0.749 1.496e+07 -1.475e-22  9.987e-01  1.271e-03  0.000e+00 
 4.24   0.00     2.806e-01 -4.000  7.650e-01 0.765 1.474e+07 -1.432e-22  9.992e-01  8.680e-04  0.000e+00 
 4.23   0.00     2.806e-01 -4.000  7.071e-01 0.789 1.472e+07 -1.359e-22  9.995e-01  4.810e-04  0.000e+00 
 4.22   0.00     2.806e-01 -4.000  6.597e-01 0.810 1.503e+07 -1.266e-22  9.997e-01  3.297e-04  0.000e+00 
 4.21   0.00     2.806e-01 -4.000  6.107e-01 0.834 1.566e+07 -1.154e-22  9.998e-01  2.428e-04  0.000e+00 
 4.20   0.00     2.806e-01 -4.000  5.482e-01 0.865 1.685e+07 -1.010e-22  9.998e-01  1.602e-04  0.000e+00 
 4.19   0.00     2.806e-01 -4.000  4.658e-01 0.910 1.917e+07 -8.246e-23  9.999e-01  8.188e-05  0.000e+00 
 4.18   0.00     2.806e-01 -4.000  4.083e-01 0.945 2.174e+07 -6.846e-23  9.999e-01  5.405e-05  0.000e+00 
 4.17   0.00     2.806e-01 -4.000  3.552e-01 0.979 2.526e+07 -5.554e-23  1.000e+00  3.872e-05  0.000e+00 
 4.16   0.00     2.806e-01 -4.000  2.942e-01 1.023 3.129e+07 -4.198e-23  1.000e+00  2.439e-05  0.000e+00 
 4.15   0.00     2.806e-01 -4.000  2.235e-01 1.077 4.330e+07 -2.816e-23  1.000e+00  1.108e-05  0.000e+00 
 4.14   0.00     2.806e-01 -4.000  1.835e-01 1.111 5.566e+07 -2.075e-23  1.000e+00  6.980e-06  0.000e+00 
 4.13   0.00     2.806e-01 -4.000  1.501e-01 1.140 7.288e+07 -1.509e-23  1.000e+00  4.792e-06  0.000e+00 
 4.12   0.00     2.806e-01 -4.000  1.153e-01 1.173 1.043e+08 -1.001e-23  1.000e+00  2.806e-06  0.000e+00 
 4.11   0.00     2.806e-01 -4.000  7.860e-02 1.209 1.753e+08 -5.662e-24  1.000e+00  1.049e-06  0.000e+00 
 4.10   0.00     2.806e-01 -4.000  6.176e-02 1.227 2.457e+08 -3.883e-24  1.000e+00  6.194e-07  0.000e+00 
 4.09   0.00     2.806e-01 -4.000  4.831e-02 1.242 3.492e+08 -2.638e-24  1.000e+00  3.952e-07  0.000e+00 
 4.08   0.00     2.806e-01 -4.000  3.503e-02 1.256 5.513e+08 -1.614e-24  1.000e+00  2.048e-07  0.000e+00 
 4.07   0.00     2.806e-01 -4.000  2.178e-02 1.270 1.064e+09 -8.108e-25  1.000e+00  5.614e-08  0.000e+00 
 4.06   0.00     2.806e-01 -4.000  1.548e-02 1.278 1.661e+09 -5.026e-25  1.000e+00  2.764e-08  0.000e+00 
 4.05   0.00     2.806e-01 -4.000  1.034e-02 1.284 2.795e+09 -2.905e-25  1.000e+00  1.293e-08  0.000e+00 
 4.04   0.00     2.806e-01 -4.000  5.706e-03 1.289 5.935e+09 -1.345e-25  1.000e+00  3.530e-09  0.000e+00 
 4.03   0.00     2.806e-01 -4.000  2.013e-03 1.293 2.170e+10 -3.735e-26  1.000e+00  0.000e+00  0.000e+00 
 4.02   0.00     2.806e-01 -4.000  6.954e-04 1.295 6.893e+10 -1.118e-26  1.000e+00  0.000e+00  0.000e+00 
 4.01   0.00     2.806e-01 -4.000  3.792e-04 1.295 1.400e+11 -5.372e-27  1.000e+00  0.000e+00  0.000e+00 
 4.00   0.00     2.806e-01 -4.000  2.298e-04 1.295 2.574e+11 -2.794e-27  1.000e+00  0.000e+00  0.000e+00 
 3.99   0.00     2.806e-01 -4.000  1.515e-04 1.296 4.539e+11 -1.545e-27  1.000e+00  0.000e+00  0.000e+00 
 3.98   0.00     2.806e-01 -4.000  9.801e-05 1.296 7.586e+11 -8.999e-28  1.000e+00  0.000e+00  0.000e+00 
 3.97   0.00     2.806e-01 -4.000  5.920e-05 1.296 1.411e+12 -4.680e-28  1.000e+00  0.000e+00  0.000e+00 
 3.96   0.00     2.806e-01 -4.000  4.875e-05 1.296 2.017e+12 -3.242e-28  1.000e+00  0.000e+00  0.000e+00 
 3.95   0.00     2.806e-01 -4.000  3.853e-05 1.296 3.048e+12 -2.097e-28  1.000e+00  0.000e+00  0.000e+00 
 3.94   0.00     2.806e-01 -4.000  3.096e-05 1.296 4.257e+12 -1.467e-28  1.000e+00  0.000e+00  0.000e+00 
 3.93   0.00     2.806e-01 -4.000  2.538e-05 1.296 5.800e+12 -1.052e-28  1.000e+00  0.000e+00  0.000e+00 
 3.92   0.00     2.806e-01 -4.000  2.111e-05 1.296 7.812e+12 -7.635e-29  1.000e+00  0.000e+00  0.000e+00 
 3.91   0.00     2.806e-01 -4.000  1.769e-05 1.296 1.050e+13 -5.555e-29  1.000e+00  0.000e+00  0.000e+00 
 3.90   0.00     2.806e-01 -4.000  1.491e-05 1.296 1.342e+13 -4.246e-29  1.000e+00  0.000e+00  0.000e+00 
 3.89   0.00     2.806e-01 -4.000  1.261e-05 1.296 1.704e+13 -3.267e-29  1.000e+00  0.000e+00  0.000e+00 
