#log[T] redshift massfrac  log[nh] ne/nh     mu    tcool     Lambdanet   ionf[ 1]   ionf[ 2]   ionf[ 3]   ionf[ 4]   ionf[ 5]   ionf[ 6]   ionf[ 7]   ionf[ 8]   ionf[ 9]   ionf[10]   ionf[11]   ionf[12]   ionf[13]   
 7.00   0.00     5.907e-04 -4.000  1.209e+00 0.618 4.728e+10 -3.181e-23  0.000e+00  0.000e+00  0.000e+00  0.000e+00  0.000e+00  0.000e+00  0.000e+00  1.886e-08  9.745e-06  1.895e-03  1.712e-01  3.440e-01  4.829e-01 
 6.99   0.00     5.907e-04 -4.000  1.209e+00 0.618 4.622e+10 -3.180e-23  0.000e+00  0.000e+00  0.000e+00  0.000e+00  0.000e+00  0.000e+00  0.000e+00  2.240e-08  1.115e-05  2.105e-03  1.871e-01  3.530e-01  4.578e-01 
 6.98   0.00     5.907e-04 -4.000  1.209e+00 0.618 4.522e+10 -3.177e-23  0.000e+00  0.000e+00  0.000e+00  0.000e+00  0.000e+00  0.000e+00  0.000e+00  2.658e-08  1.278e-05  2.341e-03  2.047e-01  3.614e-01  4.316e-01 
 6.97   0.00     5.907e-04 -4.000  1.209e+00 0.618 4.427e+10 -3.172e-23  0.000e+00  0.000e+00  0.000e+00  0.000e+00  0.000e+00  0.000e+00  0.000e+00  3.150e-08  1.460e-05  2.596e-03  2.235e-01  3.687e-01  4.052e-01 
 6.96   0.00     5.907e-04 -4.000  1.209e+00 0.618 4.338e+10 -3.162e-23  0.000e+00  0.000e+00  0.000e+00  0.000e+00  0.000e+00  0.000e+00  0.000e+00  3.713e-08  1.656e-05  2.855e-03  2.420e-01  3.749e-01  3.801e-01 
 6.95   0.00     5.907e-04 -4.000  1.209e+00 0.618 4.251e+10 -3.153e-23  0.000e+00  0.000e+00  0.000e+00  0.000e+00  0.000e+00  0.000e+00  0.000e+00  4.374e-08  1.879e-05  3.140e-03  2.623e-01  3.802e-01  3.544e-01 
 6.94   0.00     5.907e-04 -4.000  1.209e+00 0.618 4.169e+10 -3.142e-23  0.000e+00  0.000e+00  0.000e+00  0.000e+00  0.000e+00  0.000e+00  0.000e+00  5.151e-08  2.132e-05  3.457e-03  2.843e-01  3.843e-01  3.280e-01 
 6.93   0.00     5.907e-04 -4.000  1.209e+00 0.618 4.091e+10 -3.130e-23  0.000e+00  0.000e+00  0.000e+00  0.000e+00  0.000e+00  0.000e+00  1.090e-10  6.050e-08  2.413e-05  3.793e-03  3.073e-01  3.869e-01  3.020e-01 
 6.92   0.00     5.907e-04 -4.000  1.209e+00 0.618 4.016e+10 -3.115e-23  0.000e+00  0.000e+00  0.000e+00  0.000e+00  0.000e+00  0.000e+00  1.324e-10  7.064e-08  2.708e-05  4.124e-03  3.294e-01  3.882e-01  2.782e-01 
 6.91   0.00     5.907e-04 -4.000  1.209e+00 0.618 3.943e+10 -3.100e-23  0.000e+00  0.000e+00  0.000e+00  0.000e+00  0.000e+00  0.000e+00  1.608e-10  8.242e-08  3.041e-05  4.485e-03  3.531e-01  3.881e-01  2.543e-01 
 6.90   0.00     5.907e-04 -4.000  1.209e+00 0.618 3.874e+10 -3.084e-23  0.000e+00  0.000e+00  0.000e+00  0.000e+00  0.000e+00  0.000e+00  1.949e-10  9.611e-08  3.414e-05  4.879e-03  3.785e-01  3.862e-01  2.303e-01 
 6.89   0.00     5.907e-04 -4.000  1.209e+00 0.618 3.805e+10 -3.068e-23  0.000e+00  0.000e+00  0.000e+00  0.000e+00  0.000e+00  0.000e+00  2.357e-10  1.117e-07  3.819e-05  5.286e-03  4.044e-01  3.829e-01  2.074e-01 
 6.88   0.00     5.907e-04 -4.000  1.209e+00 0.618 3.740e+10 -3.051e-23  0.000e+00  0.000e+00  0.000e+00  0.000e+00  0.000e+00  0.000e+00  2.840e-10  1.291e-07  4.240e-05  5.677e-03  4.286e-01  3.784e-01  1.873e-01 
 6.87   0.00     5.907e-04 -4.000  1.209e+00 0.618 3.675e+10 -3.034e-23  0.000e+00  0.000e+00  0.000e+00  0.000e+00  0.000e+00  0.000e+00  3.415e-10  1.491e-07  4.706e-05  6.097e-03  4.540e-01  3.723e-01  1.675e-01 
 6.86   0.00     5.907e-04 -4.000  1.209e+00 0.618 3.612e+10 -3.017e-23  0.000e+00  0.000e+00  0.000e+00  0.000e+00  0.000e+00  0.000e+00  4.101e-10  1.721e-07  5.222e-05  6.549e-03  4.810e-01  3.643e-01  1.480e-01 
 6.85   0.00     5.907e-04 -4.000  1.209e+00 0.618 3.549e+10 -3.001e-23  0.000e+00  0.000e+00  0.000e+00  0.000e+00  0.000e+00  0.000e+00  4.913e-10  1.981e-07  5.776e-05  7.006e-03  5.076e-01  3.551e-01  1.302e-01 
 6.84   0.00     5.907e-04 -4.000  1.209e+00 0.618 3.487e+10 -2.985e-23  0.000e+00  0.000e+00  0.000e+00  0.000e+00  0.000e+00  0.000e+00  5.866e-10  2.268e-07  6.343e-05  7.432e-03  5.318e-01  3.456e-01  1.151e-01 
 6.83   0.00     5.907e-04 -4.000  1.209e+00 0.618 3.425e+10 -2.969e-23  0.000e+00  0.000e+00  0.000e+00  0.000e+00  0.000e+00  0.000e+00  6.994e-10  2.594e-07  6.965e-05  7.886e-03  5.570e-01  3.345e-01  1.006e-01 
 6.82   0.00     5.907e-04 -4.000  1.209e+00 0.618 3.363e+10 -2.955e-23  0.000e+00  0.000e+00  0.000e+00  0.000e+00  0.000e+00  0.000e+00  8.326e-10  2.966e-07  7.647e-05  8.368e-03  5.832e-01  3.217e-01  8.671e-02 
 6.81   0.00     5.907e-04 -4.000  1.209e+00 0.618 3.302e+10 -2.941e-23  0.000e+00  0.000e+00  0.000e+00  0.000e+00  0.000e+00  0.000e+00  9.895e-10  3.382e-07  8.369e-05  8.845e-03  6.085e-01  3.081e-01  7.442e-02 
 6.80   0.00     5.907e-04 -4.000  1.209e+00 0.618 3.240e+10 -2.930e-23  0.000e+00  0.000e+00  0.000e+00  0.000e+00  0.000e+00  0.000e+00  1.173e-09  3.842e-07  9.105e-05  9.282e-03  6.307e-01  2.954e-01  6.444e-02 
 6.79   0.00     5.907e-04 -4.000  1.209e+00 0.618 3.178e+10 -2.919e-23  0.000e+00  0.000e+00  0.000e+00  0.000e+00  0.000e+00  0.000e+00  1.389e-09  4.361e-07  9.907e-05  9.744e-03  6.538e-01  2.813e-01  5.502e-02 
 6.78   0.00     5.907e-04 -4.000  1.209e+00 0.618 3.115e+10 -2.910e-23  0.000e+00  0.000e+00  0.000e+00  0.000e+00  0.000e+00  0.000e+00  1.642e-09  4.948e-07  1.078e-04  1.023e-02  6.775e-01  2.659e-01  4.620e-02 
 6.77   0.00     5.907e-04 -4.000  1.209e+00 0.618 3.051e+10 -2.903e-23  0.000e+00  0.000e+00  0.000e+00  0.000e+00  0.000e+00  0.000e+00  1.940e-09  5.602e-07  1.170e-04  1.070e-02  6.998e-01  2.507e-01  3.872e-02 
 6.76   0.00     5.907e-04 -4.000  1.209e+00 0.618 2.988e+10 -2.896e-23  0.000e+00  0.000e+00  0.000e+00  0.000e+00  0.000e+00  0.000e+00  2.288e-09  6.328e-07  1.264e-04  1.113e-02  7.190e-01  2.369e-01  3.282e-02 
 6.75   0.00     5.907e-04 -4.000  1.209e+00 0.618 2.924e+10 -2.892e-23  0.000e+00  0.000e+00  0.000e+00  0.000e+00  0.000e+00  0.000e+00  2.698e-09  7.144e-07  1.365e-04  1.158e-02  7.387e-01  2.222e-01  2.737e-02 
 6.74   0.00     5.907e-04 -4.000  1.209e+00 0.618 2.860e+10 -2.890e-23  0.000e+00  0.000e+00  0.000e+00  0.000e+00  0.000e+00  0.000e+00  3.176e-09  8.062e-07  1.476e-04  1.206e-02  7.589e-01  2.065e-01  2.239e-02 
 6.73   0.00     5.907e-04 -4.000  1.209e+00 0.618 2.795e+10 -2.890e-23  0.000e+00  0.000e+00  0.000e+00  0.000e+00  0.000e+00  0.000e+00  3.740e-09  9.089e-07  1.591e-04  1.251e-02  7.773e-01  1.917e-01  1.831e-02 
 6.72   0.00     5.907e-04 -4.000  1.209e+00 0.618 2.731e+10 -2.890e-23  0.000e+00  0.000e+00  0.000e+00  0.000e+00  0.000e+00  0.000e+00  4.401e-09  1.023e-06  1.711e-04  1.292e-02  7.931e-01  1.787e-01  1.520e-02 
 6.71   0.00     5.907e-04 -4.000  1.209e+00 0.618 2.666e+10 -2.894e-23  0.000e+00  0.000e+00  0.000e+00  0.000e+00  0.000e+00  0.000e+00  5.177e-09  1.152e-06  1.841e-04  1.336e-02  8.091e-01  1.650e-01  1.238e-02 
 6.70   0.00     5.907e-04 -4.000  1.209e+00 0.618 2.599e+10 -2.900e-23  0.000e+00  0.000e+00  0.000e+00  0.000e+00  0.000e+00  0.000e+00  6.086e-09  1.296e-06  1.981e-04  1.381e-02  8.252e-01  1.509e-01  9.854e-03 
 6.69   0.00     5.907e-04 -4.000  1.209e+00 0.618 2.534e+10 -2.907e-23  0.000e+00  0.000e+00  0.000e+00  0.000e+00  0.000e+00  0.000e+00  7.159e-09  1.459e-06  2.128e-04  1.425e-02  8.397e-01  1.379e-01  7.862e-03 
 6.68   0.00     5.907e-04 -4.000  1.209e+00 0.618 2.468e+10 -2.916e-23  0.000e+00  0.000e+00  0.000e+00  0.000e+00  0.000e+00  0.000e+00  8.430e-09  1.641e-06  2.283e-04  1.465e-02  8.518e-01  1.270e-01  6.397e-03 
 6.67   0.00     5.907e-04 -4.000  1.209e+00 0.618 2.403e+10 -2.928e-23  0.000e+00  0.000e+00  0.000e+00  0.000e+00  0.000e+00  0.000e+00  9.921e-09  1.846e-06  2.451e-04  1.509e-02  8.640e-01  1.156e-01  5.088e-03 
 6.66   0.00     5.907e-04 -4.000  1.208e+00 0.618 2.335e+10 -2.944e-23  0.000e+00  0.000e+00  0.000e+00  0.000e+00  0.000e+00  0.000e+00  1.167e-08  2.077e-06  2.631e-04  1.552e-02  8.763e-01  1.039e-01  3.934e-03 
 6.65   0.00     5.907e-04 -4.000  1.208e+00 0.618 2.268e+10 -2.962e-23  0.000e+00  0.000e+00  0.000e+00  0.000e+00  0.000e+00  0.000e+00  1.375e-08  2.340e-06  2.825e-04  1.596e-02  8.871e-01  9.356e-02  3.060e-03 
 6.64   0.00     5.907e-04 -4.000  1.208e+00 0.618 2.201e+10 -2.983e-23  0.000e+00  0.000e+00  0.000e+00  0.000e+00  0.000e+00  0.000e+00  1.624e-08  2.636e-06  3.030e-04  1.637e-02  8.958e-01  8.502e-02  2.439e-03 
 6.63   0.00     5.907e-04 -4.000  1.208e+00 0.618 2.132e+10 -3.009e-23  0.000e+00  0.000e+00  0.000e+00  0.000e+00  0.000e+00  0.000e+00  1.917e-08  2.971e-06  3.252e-04  1.681e-02  9.047e-01  7.630e-02  1.892e-03 
 6.62   0.00     5.907e-04 -4.000  1.208e+00 0.618 2.062e+10 -3.041e-23  0.000e+00  0.000e+00  0.000e+00  0.000e+00  0.000e+00  0.000e+00  2.263e-08  3.351e-06  3.493e-04  1.726e-02  9.135e-01  6.743e-02  1.419e-03 
 6.61   0.00     5.907e-04 -4.000  1.208e+00 0.618 1.992e+10 -3.076e-23  0.000e+00  0.000e+00  0.000e+00  0.000e+00  0.000e+00  0.000e+00  2.678e-08  3.785e-06  3.753e-04  1.772e-02  9.210e-01  5.982e-02  1.076e-03 
 6.60   0.00     5.907e-04 -4.000  1.208e+00 0.618 1.922e+10 -3.115e-23  0.000e+00  0.000e+00  0.000e+00  0.000e+00  0.000e+00  1.047e-10  3.178e-08  4.282e-06  4.034e-04  1.816e-02  9.269e-01  5.366e-02  8.391e-04 
 6.59   0.00     5.907e-04 -4.000  1.208e+00 0.618 1.851e+10 -3.161e-23  0.000e+00  0.000e+00  0.000e+00  0.000e+00  0.000e+00  1.299e-10  3.772e-08  4.849e-06  4.341e-04  1.863e-02  9.328e-01  4.745e-02  6.342e-04 
 6.58   0.00     5.907e-04 -4.000  1.208e+00 0.618 1.779e+10 -3.216e-23  0.000e+00  0.000e+00  0.000e+00  0.000e+00  0.000e+00  1.613e-10  4.479e-08  5.493e-06  4.675e-04  1.914e-02  9.388e-01  4.120e-02  4.605e-04 
 6.57   0.00     5.907e-04 -4.000  1.208e+00 0.618 1.706e+10 -3.275e-23  0.000e+00  0.000e+00  0.000e+00  0.000e+00  0.000e+00  2.010e-10  5.336e-08  6.239e-06  5.040e-04  1.965e-02  9.435e-01  3.598e-02  3.395e-04 
 6.56   0.00     5.907e-04 -4.000  1.208e+00 0.618 1.635e+10 -3.340e-23  0.000e+00  0.000e+00  0.000e+00  0.000e+00  0.000e+00  2.517e-10  6.378e-08  7.103e-06  5.441e-04  2.018e-02  9.472e-01  3.186e-02  2.590e-04 
 6.55   0.00     5.907e-04 -4.000  1.208e+00 0.618 1.563e+10 -3.415e-23  0.000e+00  0.000e+00  0.000e+00  0.000e+00  0.000e+00  3.152e-10  7.630e-08  8.094e-06  5.881e-04  2.074e-02  9.507e-01  2.774e-02  1.904e-04 
 6.54   0.00     5.907e-04 -4.000  1.208e+00 0.618 1.489e+10 -3.500e-23  0.000e+00  0.000e+00  0.000e+00  0.000e+00  0.000e+00  3.950e-10  9.138e-08  9.236e-06  6.363e-04  2.134e-02  9.542e-01  2.364e-02  1.334e-04 
 6.53   0.00     5.907e-04 -4.000  1.208e+00 0.618 1.419e+10 -3.592e-23  0.000e+00  0.000e+00  0.000e+00  0.000e+00  0.000e+00  4.973e-10  1.098e-07  1.057e-05  6.899e-04  2.197e-02  9.569e-01  2.033e-02  9.567e-05 
 6.52   0.00     5.907e-04 -4.000  1.208e+00 0.618 1.350e+10 -3.689e-23  0.000e+00  0.000e+00  0.000e+00  0.000e+00  0.000e+00  6.290e-10  1.325e-07  1.213e-05  7.494e-04  2.262e-02  9.588e-01  1.776e-02  7.124e-05 
 6.51   0.00     5.907e-04 -4.000  1.208e+00 0.618 1.282e+10 -3.798e-23  0.000e+00  0.000e+00  0.000e+00  0.000e+00  0.000e+00  7.964e-10  1.602e-07  1.395e-05  8.151e-04  2.334e-02  9.605e-01  1.522e-02  5.087e-05 
 6.50   0.00     5.907e-04 -4.000  1.208e+00 0.618 1.214e+10 -3.919e-23  0.000e+00  0.000e+00  0.000e+00  0.000e+00  0.000e+00  1.010e-09  1.939e-07  1.607e-05  8.882e-04  2.409e-02  9.623e-01  1.271e-02  3.427e-05 
 6.49   0.00     5.907e-04 -4.000  1.208e+00 0.618 1.149e+10 -4.045e-23  0.000e+00  0.000e+00  0.000e+00  0.000e+00  0.000e+00  1.287e-09  2.357e-07  1.857e-05  9.702e-04  2.491e-02  9.634e-01  1.076e-02  2.387e-05 
 6.48   0.00     5.907e-04 -4.000  1.208e+00 0.618 1.088e+10 -4.173e-23  0.000e+00  0.000e+00  0.000e+00  0.000e+00  0.000e+00  1.648e-09  2.877e-07  2.153e-05  1.062e-03  2.579e-02  9.638e-01  9.269e-03  1.733e-05 
 6.47   0.00     5.907e-04 -4.000  1.208e+00 0.618 1.029e+10 -4.315e-23  0.000e+00  0.000e+00  0.000e+00  0.000e+00  0.000e+00  2.114e-09  3.518e-07  2.502e-05  1.164e-03  2.672e-02  9.643e-01  7.813e-03  1.200e-05 
 6.46   0.00     5.907e-04 -4.000  1.208e+00 0.618 9.707e+09 -4.467e-23  0.000e+00  0.000e+00  0.000e+00  0.000e+00  0.000e+00  2.718e-09  4.312e-07  2.913e-05  1.280e-03  2.774e-02  9.645e-01  6.376e-03  7.728e-06 
 6.45   0.00     5.907e-04 -4.000  1.208e+00 0.618 9.167e+09 -4.623e-23  0.000e+00  0.000e+00  0.000e+00  0.000e+00  0.000e+00  3.513e-09  5.310e-07  3.405e-05  1.410e-03  2.884e-02  9.644e-01  5.312e-03  5.218e-06 
 6.44   0.00     5.907e-04 -4.000  1.208e+00 0.618 8.659e+09 -4.783e-23  0.000e+00  0.000e+00  0.000e+00  0.000e+00  0.000e+00  4.561e-09  6.564e-07  3.993e-05  1.558e-03  3.003e-02  9.639e-01  4.516e-03  3.699e-06 
 6.43   0.00     5.907e-04 -4.000  1.208e+00 0.618 8.167e+09 -4.955e-23  0.000e+00  0.000e+00  0.000e+00  0.000e+00  0.000e+00  5.937e-09  8.136e-07  4.695e-05  1.725e-03  3.132e-02  9.632e-01  3.740e-03  2.477e-06 
 6.42   0.00     5.907e-04 -4.000  1.208e+00 0.618 7.690e+09 -5.144e-23  0.000e+00  0.000e+00  0.000e+00  0.000e+00  0.000e+00  7.754e-09  1.012e-06  5.538e-05  1.915e-03  3.272e-02  9.623e-01  2.978e-03  1.518e-06 
 6.41   0.00     5.907e-04 -4.000  1.208e+00 0.618 7.251e+09 -5.330e-23  0.000e+00  0.000e+00  0.000e+00  0.000e+00  0.000e+00  1.017e-08  1.264e-06  6.553e-05  2.131e-03  3.423e-02  9.612e-01  2.439e-03  9.910e-07 
 6.40   0.00     5.907e-04 -4.000  1.208e+00 0.618 6.841e+09 -5.520e-23  0.000e+00  0.000e+00  0.000e+00  0.000e+00  0.000e+00  1.340e-08  1.583e-06  7.778e-05  2.377e-03  3.588e-02  9.596e-01  2.046e-03  6.857e-07 
 6.39   0.00     5.907e-04 -4.000  1.208e+00 0.618 6.444e+09 -5.728e-23  0.000e+00  0.000e+00  0.000e+00  0.000e+00  0.000e+00  1.772e-08  1.991e-06  9.265e-05  2.658e-03  3.767e-02  9.580e-01  1.663e-03  4.432e-07 
 6.38   0.00     5.907e-04 -4.000  1.208e+00 0.618 6.057e+09 -5.955e-23  0.000e+00  0.000e+00  0.000e+00  0.000e+00  0.000e+00  2.354e-08  2.515e-06  1.108e-04  2.983e-03  3.962e-02  9.560e-01  1.289e-03  2.570e-07 
 6.37   0.00     5.907e-04 -4.000  1.208e+00 0.618 5.693e+09 -6.191e-23  0.000e+00  0.000e+00  0.000e+00  0.000e+00  1.081e-10  3.138e-08  3.186e-06  1.327e-04  3.353e-03  4.172e-02  9.538e-01  1.036e-03  1.620e-07 
 6.36   0.00     5.907e-04 -4.000  1.208e+00 0.618 5.347e+09 -6.442e-23  0.000e+00  0.000e+00  0.000e+00  0.000e+00  1.517e-10  4.197e-08  4.048e-06  1.595e-04  3.776e-03  4.401e-02  9.511e-01  8.576e-04  1.092e-07 
 6.35   0.00     5.907e-04 -4.000  1.208e+00 0.618 5.011e+09 -6.717e-23  0.000e+00  0.000e+00  0.000e+00  0.000e+00  2.139e-10  5.641e-08  5.168e-06  1.926e-04  4.267e-03  4.651e-02  9.483e-01  6.838e-04  6.795e-08 
 6.34   0.00     5.907e-04 -4.000  1.208e+00 0.618 4.686e+09 -7.019e-23  0.000e+00  0.000e+00  0.000e+00  0.000e+00  3.034e-10  7.627e-08  6.635e-06  2.335e-04  4.841e-03  4.926e-02  9.452e-01  5.145e-04  3.709e-08 
 6.33   0.00     5.907e-04 -4.000  1.208e+00 0.618 4.389e+09 -7.323e-23  0.000e+00  0.000e+00  0.000e+00  0.000e+00  4.312e-10  1.032e-07  8.525e-06  2.835e-04  5.493e-03  5.221e-02  9.416e-01  4.059e-04  2.251e-08 
 6.32   0.00     5.907e-04 -4.000  1.208e+00 0.618 4.113e+09 -7.637e-23  0.000e+00  0.000e+00  0.000e+00  0.000e+00  6.152e-10  1.402e-07  1.098e-05  3.448e-04  6.245e-03  5.539e-02  9.377e-01  3.307e-04  1.476e-08 
 6.31   0.00     5.907e-04 -4.000  1.208e+00 0.618 3.849e+09 -7.974e-23  0.000e+00  0.000e+00  0.000e+00  0.000e+00  8.831e-10  1.916e-07  1.424e-05  4.216e-04  7.126e-03  5.888e-02  9.333e-01  2.581e-04  8.808e-09 
 6.30   0.00     5.907e-04 -4.000  1.207e+00 0.618 3.599e+09 -8.336e-23  0.000e+00  0.000e+00  0.000e+00  0.000e+00  1.278e-09  2.636e-07  1.857e-05  5.184e-04  8.169e-03  6.274e-02  9.284e-01  1.880e-04  4.498e-09 
 6.29   0.00     5.907e-04 -4.000  1.207e+00 0.618 3.372e+09 -8.695e-23  0.000e+00  0.000e+00  0.000e+00  0.000e+00  1.846e-09  3.625e-07  2.420e-05  6.368e-04  9.354e-03  6.684e-02  9.230e-01  1.453e-04  2.620e-09 
 6.28   0.00     5.907e-04 -4.000  1.207e+00 0.618 3.162e+09 -9.059e-23  0.000e+00  0.000e+00  0.000e+00  0.000e+00  2.676e-09  4.996e-07  3.161e-05  7.835e-04  1.073e-02  7.126e-02  9.171e-01  1.164e-04  1.665e-09 
 6.27   0.00     5.907e-04 -4.000  1.207e+00 0.618 2.966e+09 -9.437e-23  0.000e+00  0.000e+00  0.000e+00  0.000e+00  3.911e-09  6.938e-07  4.157e-05  9.703e-04  1.235e-02  7.613e-02  9.104e-01  8.876e-05  9.499e-10 
 6.26   0.00     5.907e-04 -4.000  1.207e+00 0.618 2.784e+09 -9.829e-23  0.000e+00  0.000e+00  0.000e+00  0.000e+00  5.764e-09  9.718e-07  5.509e-05  1.208e-03  1.429e-02  8.152e-02  9.029e-01  6.229e-05  4.497e-10 
 6.25   0.00     5.907e-04 -4.000  1.207e+00 0.618 2.623e+09 -1.020e-22  0.000e+00  0.000e+00  0.000e+00  0.000e+00  8.468e-09  1.356e-06  7.272e-05  1.501e-03  1.648e-02  8.715e-02  8.947e-01  4.702e-05  2.506e-10 
 6.24   0.00     5.907e-04 -4.000  1.207e+00 0.618 2.477e+09 -1.055e-22  0.000e+00  0.000e+00  0.000e+00  0.000e+00  1.247e-08  1.895e-06  9.619e-05  1.866e-03  1.904e-02  9.318e-02  8.858e-01  3.698e-05  1.538e-10 
 6.23   0.00     5.907e-04 -4.000  1.207e+00 0.618 2.343e+09 -1.089e-22  0.000e+00  0.000e+00  0.000e+00  0.000e+00  1.852e-08  2.671e-06  1.281e-04  2.335e-03  2.208e-02  9.987e-02  8.756e-01  2.747e-05  0.000e+00 
 6.22   0.00     5.907e-04 -4.000  1.207e+00 0.618 2.218e+09 -1.125e-22  0.000e+00  0.000e+00  0.000e+00  0.000e+00  2.782e-08  3.804e-06  1.724e-04  2.945e-03  2.576e-02  1.072e-01  8.639e-01  1.842e-05  0.000e+00 
 6.21   0.00     5.907e-04 -4.000  1.207e+00 0.618 2.109e+09 -1.156e-22  0.000e+00  0.000e+00  0.000e+00  0.000e+00  4.146e-08  5.374e-06  2.301e-04  3.689e-03  2.987e-02  1.147e-01  8.515e-01  1.356e-05  0.000e+00 
 6.20   0.00     5.907e-04 -4.000  1.207e+00 0.618 2.010e+09 -1.185e-22  0.000e+00  0.000e+00  0.000e+00  1.019e-10  6.188e-08  7.602e-06  3.075e-04  4.625e-03  3.464e-02  1.227e-01  8.377e-01  1.044e-05  0.000e+00 
 6.19   0.00     5.907e-04 -4.000  1.207e+00 0.618 1.917e+09 -1.214e-22  0.000e+00  0.000e+00  0.000e+00  1.615e-10  9.333e-08  1.086e-05  4.144e-04  5.837e-03  4.036e-02  1.315e-01  8.220e-01  7.514e-06  0.000e+00 
 6.18   0.00     5.907e-04 -4.000  1.207e+00 0.618 1.832e+09 -1.243e-22  0.000e+00  0.000e+00  0.000e+00  2.591e-10  1.426e-07  1.570e-05  5.646e-04  7.433e-03  4.731e-02  1.410e-01  8.037e-01  4.751e-06  0.000e+00 
 6.17   0.00     5.907e-04 -4.000  1.207e+00 0.618 1.755e+09 -1.267e-22  0.000e+00  0.000e+00  0.000e+00  4.101e-10  2.146e-07  2.238e-05  7.589e-04  9.354e-03  5.491e-02  1.504e-01  7.846e-01  3.407e-06  0.000e+00 
 6.16   0.00     5.907e-04 -4.000  1.207e+00 0.618 1.684e+09 -1.290e-22  0.000e+00  0.000e+00  0.000e+00  6.502e-10  3.236e-07  3.192e-05  1.020e-03  1.176e-02  6.369e-02  1.601e-01  7.635e-01  2.553e-06  0.000e+00 
 6.15   0.00     5.907e-04 -4.000  1.207e+00 0.618 1.617e+09 -1.313e-22  0.000e+00  0.000e+00  0.000e+00  1.043e-09  4.934e-07  4.601e-05  1.385e-03  1.491e-02  7.415e-02  1.703e-01  7.392e-01  1.769e-06  0.000e+00 
 6.14   0.00     5.907e-04 -4.000  1.207e+00 0.618 1.553e+09 -1.336e-22  0.000e+00  0.000e+00  0.000e+00  1.696e-09  7.629e-07  6.719e-05  1.901e-03  1.906e-02  8.678e-02  1.813e-01  7.109e-01  1.036e-06  0.000e+00 
 6.13   0.00     5.907e-04 -4.000  1.207e+00 0.618 1.495e+09 -1.356e-22  0.000e+00  0.000e+00  0.000e+00  2.697e-09  1.152e-06  9.590e-05  2.554e-03  2.392e-02  1.001e-01  1.912e-01  6.821e-01  7.187e-07  0.000e+00 
 6.12   0.00     5.907e-04 -4.000  1.207e+00 0.618 1.441e+09 -1.375e-22  0.000e+00  0.000e+00  0.000e+00  4.292e-09  1.743e-06  1.369e-04  3.430e-03  2.996e-02  1.151e-01  2.008e-01  6.506e-01  5.207e-07  0.000e+00 
 6.11   0.00     5.907e-04 -4.000  1.207e+00 0.618 1.389e+09 -1.395e-22  0.000e+00  0.000e+00  0.000e+00  6.905e-09  2.662e-06  1.973e-04  4.642e-03  3.772e-02  1.325e-01  2.102e-01  6.147e-01  3.430e-07  0.000e+00 
 6.10   0.00     5.907e-04 -4.000  1.207e+00 0.618 1.337e+09 -1.415e-22  0.000e+00  0.000e+00  0.000e+00  1.125e-08  4.117e-06  2.875e-04  6.341e-03  4.781e-02  1.529e-01  2.190e-01  5.737e-01  1.834e-07  0.000e+00 
 6.09   0.00     5.907e-04 -4.000  1.207e+00 0.618 1.291e+09 -1.432e-22  0.000e+00  0.000e+00  0.000e+00  1.778e-08  6.173e-06  4.064e-04  8.421e-03  5.910e-02  1.729e-01  2.253e-01  5.338e-01  1.148e-07  0.000e+00 
 6.08   0.00     5.907e-04 -4.000  1.207e+00 0.618 1.247e+09 -1.449e-22  0.000e+00  0.000e+00  0.000e+00  2.801e-08  9.228e-06  5.725e-04  1.114e-02  7.267e-02  1.943e-01  2.299e-01  4.914e-01  7.154e-08  0.000e+00 
 6.07   0.00     5.907e-04 -4.000  1.207e+00 0.618 1.204e+09 -1.467e-22  0.000e+00  0.000e+00  0.000e+00  4.450e-08  1.390e-05  8.115e-04  1.479e-02  8.946e-02  2.176e-01  2.324e-01  4.450e-01  3.493e-08  0.000e+00 
 6.06   0.00     5.907e-04 -4.000  1.207e+00 0.618 1.162e+09 -1.485e-22  0.000e+00  0.000e+00  0.000e+00  7.131e-08  2.111e-05  1.158e-03  1.972e-02  1.102e-01  2.425e-01  2.321e-01  3.944e-01  4.942e-09  0.000e+00 
 6.05   0.00     5.907e-04 -4.000  1.207e+00 0.618 1.125e+09 -1.499e-22  0.000e+00  0.000e+00  0.000e+00  1.099e-07  3.085e-05  1.593e-03  2.541e-02  1.317e-01  2.640e-01  2.286e-01  3.487e-01  0.000e+00  0.000e+00 
 6.04   0.00     5.907e-04 -4.000  1.207e+00 0.618 1.089e+09 -1.513e-22  0.000e+00  0.000e+00  1.309e-10  1.684e-07  4.478e-05  2.173e-03  3.246e-02  1.559e-01  2.841e-01  2.220e-01  3.035e-01  0.000e+00  0.000e+00 
 6.03   0.00     5.907e-04 -4.000  1.207e+00 0.618 1.055e+09 -1.527e-22  0.000e+00  0.000e+00  2.115e-10  2.589e-07  6.519e-05  2.970e-03  4.142e-02  1.836e-01  3.026e-01  2.119e-01  2.573e-01  0.000e+00  0.000e+00 
 6.02   0.00     5.907e-04 -4.000  1.207e+00 0.618 1.022e+09 -1.540e-22  0.000e+00  0.000e+00  3.428e-10  3.996e-07  9.519e-05  4.063e-03  5.277e-02  2.150e-01  3.185e-01  1.981e-01  2.114e-01  0.000e+00  0.000e+00 
 6.01   0.00     5.907e-04 -4.000  1.207e+00 0.618 9.928e+08 -1.549e-22  0.000e+00  0.000e+00  5.328e-10  5.913e-07  1.334e-04  5.343e-03  6.485e-02  2.443e-01  3.278e-01  1.833e-01  1.743e-01  0.000e+00  0.000e+00 
 6.00   0.00     5.907e-04 -4.000  1.206e+00 0.618 9.660e+08 -1.556e-22  0.000e+00  0.000e+00  8.217e-10  8.679e-07  1.852e-04  6.957e-03  7.884e-02  2.740e-01  3.325e-01  1.666e-01  1.409e-01  0.000e+00  0.000e+00 
 5.99   0.00     5.907e-04 -4.000  1.206e+00 0.618 9.403e+08 -1.562e-22  0.000e+00  0.000e+00  1.270e-09  1.276e-06  2.573e-04  9.050e-03  9.545e-02  3.047e-01  3.323e-01  1.480e-01  1.102e-01  0.000e+00  0.000e+00 
 5.98   0.00     5.907e-04 -4.000  1.206e+00 0.618 9.160e+08 -1.567e-22  0.000e+00  0.000e+00  1.967e-09  1.879e-06  3.579e-04  1.175e-02  1.150e-01  3.357e-01  3.264e-01  1.279e-01  8.276e-02  0.000e+00  0.000e+00 
 5.97   0.00     5.907e-04 -4.000  1.206e+00 0.618 8.950e+08 -1.567e-22  0.000e+00  0.000e+00  2.928e-09  2.660e-06  4.789e-04  1.473e-02  1.343e-01  3.607e-01  3.160e-01  1.105e-01  6.326e-02  0.000e+00  0.000e+00 
 5.96   0.00     5.907e-04 -4.000  1.206e+00 0.618 8.754e+08 -1.565e-22  0.000e+00  0.000e+00  4.329e-09  3.741e-06  6.362e-04  1.830e-02  1.552e-01  3.830e-01  3.016e-01  9.386e-02  4.736e-02  0.000e+00  0.000e+00 
 5.95   0.00     5.907e-04 -4.000  1.206e+00 0.618 8.568e+08 -1.563e-22  0.000e+00  0.000e+00  6.426e-09  5.278e-06  8.468e-04  2.273e-02  1.786e-01  4.029e-01  2.831e-01  7.760e-02  3.412e-02  0.000e+00  0.000e+00 
 5.94   0.00     5.907e-04 -4.000  1.206e+00 0.618 8.389e+08 -1.561e-22  0.000e+00  0.000e+00  9.574e-09  7.469e-06  1.129e-03  2.819e-02  2.047e-01  4.195e-01  2.608e-01  6.221e-02  2.347e-02  0.000e+00  0.000e+00 
 5.93   0.00     5.907e-04 -4.000  1.206e+00 0.618 8.229e+08 -1.554e-22  0.000e+00  0.000e+00  1.376e-08  1.020e-05  1.456e-03  3.393e-02  2.287e-01  4.295e-01  2.391e-01  5.053e-02  1.673e-02  0.000e+00  0.000e+00 
 5.92   0.00     5.907e-04 -4.000  1.206e+00 0.618 8.074e+08 -1.548e-22  0.000e+00  0.000e+00  1.971e-08  1.388e-05  1.868e-03  4.060e-02  2.537e-01  4.353e-01  2.164e-01  4.035e-02  1.168e-02  0.000e+00  0.000e+00 
 5.91   0.00     5.907e-04 -4.000  1.206e+00 0.618 7.918e+08 -1.543e-22  0.000e+00  0.000e+00  2.840e-08  1.899e-05  2.406e-03  4.861e-02  2.804e-01  4.371e-01  1.923e-01  3.128e-02  7.800e-03  0.000e+00  0.000e+00 
 5.90   0.00     5.907e-04 -4.000  1.206e+00 0.618 7.758e+08 -1.538e-22  0.000e+00  0.000e+00  4.120e-08  2.613e-05  3.111e-03  5.827e-02  3.087e-01  4.342e-01  1.673e-01  2.339e-02  4.935e-03  0.000e+00  0.000e+00 
 5.89   0.00     5.907e-04 -4.000  1.206e+00 0.618 7.606e+08 -1.534e-22  0.000e+00  0.000e+00  5.769e-08  3.475e-05  3.897e-03  6.795e-02  3.331e-01  4.271e-01  1.466e-01  1.801e-02  3.308e-03  0.000e+00  0.000e+00 
 5.88   0.00     5.907e-04 -4.000  1.206e+00 0.618 7.447e+08 -1.530e-22  0.000e+00  0.000e+00  8.076e-08  4.617e-05  4.874e-03  7.896e-02  3.573e-01  4.163e-01  1.267e-01  1.362e-02  2.166e-03  0.000e+00  0.000e+00 
 5.87   0.00     5.907e-04 -4.000  1.206e+00 0.618 7.276e+08 -1.531e-22  0.000e+00  0.000e+00  1.140e-07  6.178e-05  6.127e-03  9.189e-02  3.819e-01  4.015e-01  1.072e-01  9.941e-03  1.345e-03  0.000e+00  0.000e+00 
 5.86   0.00     5.907e-04 -4.000  1.206e+00 0.618 7.088e+08 -1.536e-22  0.000e+00  0.000e+00  1.624e-07  8.333e-05  7.747e-03  1.072e-01  4.065e-01  3.824e-01  8.844e-02  6.941e-03  7.814e-04  0.000e+00  0.000e+00 
 5.85   0.00     5.907e-04 -4.000  1.206e+00 0.618 6.904e+08 -1.541e-22  0.000e+00  0.000e+00  2.227e-07  1.085e-04  9.481e-03  1.217e-01  4.256e-01  3.631e-01  7.436e-02  5.092e-03  4.953e-04  0.000e+00  0.000e+00 
 5.84   0.00     5.907e-04 -4.000  1.206e+00 0.618 6.707e+08 -1.550e-22  0.000e+00  0.000e+00  3.062e-07  1.414e-04  1.161e-02  1.379e-01  4.432e-01  3.415e-01  6.156e-02  3.652e-03  3.045e-04  0.000e+00  0.000e+00 
 5.83   0.00     5.907e-04 -4.000  1.206e+00 0.618 6.492e+08 -1.565e-22  0.000e+00  0.000e+00  4.253e-07  1.859e-04  1.430e-02  1.566e-01  4.595e-01  3.171e-01  4.967e-02  2.510e-03  1.757e-04  0.000e+00  0.000e+00 
 5.82   0.00     5.907e-04 -4.000  1.206e+00 0.618 6.256e+08 -1.587e-22  0.000e+00  0.000e+00  5.972e-07  2.468e-04  1.775e-02  1.783e-01  4.738e-01  2.895e-01  3.876e-02  1.630e-03  9.298e-05  0.000e+00  0.000e+00 
 5.81   0.00     5.907e-04 -4.000  1.206e+00 0.618 6.038e+08 -1.606e-22  0.000e+00  0.000e+00  8.045e-07  3.152e-04  2.126e-02  1.975e-01  4.823e-01  2.661e-01  3.136e-02  1.143e-03  5.594e-05  0.000e+00  0.000e+00 
 5.80   0.00     5.907e-04 -4.000  1.206e+00 0.618 5.814e+08 -1.631e-22  0.000e+00  0.000e+00  1.090e-06  4.042e-04  2.555e-02  2.188e-01  4.880e-01  2.416e-01  2.486e-02  7.766e-04  3.225e-05  0.000e+00  0.000e+00 
 5.79   0.00     5.907e-04 -4.000  1.206e+00 0.618 5.580e+08 -1.660e-22  0.000e+00  0.000e+00  1.492e-06  5.230e-04  3.088e-02  2.425e-01  4.908e-01  2.156e-01  1.909e-02  5.012e-04  1.722e-05  0.000e+00  0.000e+00 
 5.78   0.00     5.907e-04 -4.000  1.206e+00 0.618 5.340e+08 -1.695e-22  0.000e+00  1.209e-10  2.066e-06  6.834e-04  3.759e-02  2.692e-01  4.896e-01  1.885e-01  1.407e-02  3.017e-04  8.266e-06  0.000e+00  0.000e+00 
 5.77   0.00     5.907e-04 -4.000  1.206e+00 0.618 5.139e+08 -1.721e-22  0.000e+00  1.637e-10  2.739e-06  8.583e-04  4.420e-02  2.916e-01  4.847e-01  1.674e-01  1.093e-02  2.015e-04  4.697e-06  0.000e+00  0.000e+00 
 5.76   0.00     5.907e-04 -4.000  1.206e+00 0.618 4.945e+08 -1.749e-22  0.000e+00  2.230e-10  3.656e-06  1.083e-03  5.212e-02  3.155e-01  4.763e-01  1.466e-01  8.279e-03  1.294e-04  2.530e-06  0.000e+00  0.000e+00 
 5.75   0.00     5.907e-04 -4.000  1.206e+00 0.618 4.753e+08 -1.777e-22  0.000e+00  3.071e-10  4.934e-06  1.380e-03  6.180e-02  3.412e-01  4.639e-01  1.255e-01  6.031e-03  7.803e-05  1.242e-06  0.000e+00  0.000e+00 
 5.74   0.00     5.907e-04 -4.000  1.206e+00 0.618 4.571e+08 -1.806e-22  0.000e+00  4.275e-10  6.729e-06  1.773e-03  7.369e-02  3.686e-01  4.468e-01  1.048e-01  4.185e-03  4.341e-05  5.392e-07  0.000e+00  0.000e+00 
 5.73   0.00     5.907e-04 -4.000  1.206e+00 0.618 4.422e+08 -1.824e-22  0.000e+00  5.696e-10  8.797e-06  2.191e-03  8.507e-02  3.903e-01  4.296e-01  8.977e-02  3.109e-03  2.743e-05  2.870e-07  0.000e+00  0.000e+00 
 5.72   0.00     5.907e-04 -4.000  1.206e+00 0.618 4.282e+08 -1.841e-22  0.000e+00  7.637e-10  1.157e-05  2.721e-03  9.838e-02  4.119e-01  4.091e-01  7.550e-02  2.242e-03  1.658e-05  1.436e-07  0.000e+00  0.000e+00 
 5.71   0.00     5.907e-04 -4.000  1.206e+00 0.618 4.148e+08 -1.858e-22  0.000e+00  1.036e-09  1.539e-05  3.409e-03  1.144e-01  4.339e-01  3.849e-01  6.182e-02  1.542e-03  9.285e-06  6.429e-08  0.000e+00  0.000e+00 
 5.70   0.00     5.907e-04 -4.000  1.206e+00 0.618 4.020e+08 -1.873e-22  0.000e+00  1.416e-09  2.066e-05  4.301e-03  1.334e-01  4.553e-01  3.569e-01  4.909e-02  1.002e-03  4.740e-06  2.502e-08  0.000e+00  0.000e+00 
 5.69   0.00     5.907e-04 -4.000  1.206e+00 0.618 3.913e+08 -1.881e-22  0.000e+00  1.856e-09  2.661e-05  5.229e-03  1.510e-01  4.702e-01  3.325e-01  4.041e-02  7.092e-04  2.822e-06  1.240e-08  0.000e+00  0.000e+00 
 5.68   0.00     5.907e-04 -4.000  1.206e+00 0.618 3.809e+08 -1.887e-22  0.000e+00  2.446e-09  3.446e-05  6.384e-03  1.710e-01  4.834e-01  3.060e-01  3.256e-02  4.850e-04  1.597e-06  5.732e-09  0.000e+00  0.000e+00 
 5.67   0.00     5.907e-04 -4.000  1.206e+00 0.618 3.706e+08 -1.896e-22  0.000e+00  3.258e-09  4.514e-05  7.858e-03  1.946e-01  4.947e-01  2.772e-01  2.536e-02  3.129e-04  8.243e-07  2.319e-09  0.000e+00  0.000e+00 
 5.66   0.00     5.907e-04 -4.000  1.206e+00 0.618 3.603e+08 -1.906e-22  0.000e+00  4.377e-09  5.959e-05  9.727e-03  2.216e-01  5.031e-01  2.463e-01  1.905e-02  1.891e-04  3.823e-07  7.981e-10  0.000e+00  0.000e+00 
 5.65   0.00     5.907e-04 -4.000  1.206e+00 0.618 3.509e+08 -1.912e-22  0.000e+00  5.632e-09  7.550e-05  1.162e-02  2.456e-01  5.058e-01  2.218e-01  1.503e-02  1.271e-04  2.138e-07  3.670e-10  0.000e+00  0.000e+00 
 5.64   0.00     5.907e-04 -4.000  1.206e+00 0.618 3.414e+08 -1.921e-22  0.000e+00  7.288e-09  9.622e-05  1.393e-02  2.722e-01  5.054e-01  1.968e-01  1.155e-02  8.206e-05  1.127e-07  1.557e-10  0.000e+00  0.000e+00 
 5.63   0.00     5.907e-04 -4.000  1.206e+00 0.618 3.313e+08 -1.934e-22  0.000e+00  9.535e-09  1.240e-04  1.682e-02  3.023e-01  5.013e-01  1.709e-01  8.524e-03  4.936e-05  5.318e-08  0.000e+00  0.000e+00  0.000e+00 
 5.62   0.00     5.907e-04 -4.000  1.206e+00 0.618 3.204e+08 -1.954e-22  0.000e+00  1.257e-08  1.609e-04  2.041e-02  3.358e-01  4.926e-01  1.450e-01  6.013e-03  2.746e-05  2.211e-08  0.000e+00  0.000e+00  0.000e+00 
 5.61   0.00     5.907e-04 -4.000  1.206e+00 0.619 3.103e+08 -1.972e-22  0.000e+00  1.587e-08  2.004e-04  2.391e-02  3.639e-01  4.814e-01  1.259e-01  4.541e-03  1.752e-05  1.160e-08  0.000e+00  0.000e+00  0.000e+00 
 5.60   0.00     5.907e-04 -4.000  1.206e+00 0.619 2.994e+08 -1.997e-22  0.000e+00  2.016e-08  2.511e-04  2.813e-02  3.940e-01  4.667e-01  1.075e-01  3.323e-03  1.064e-05  5.674e-09  0.000e+00  0.000e+00  0.000e+00 
 5.59   0.00     5.907e-04 -4.000  1.206e+00 0.619 2.873e+08 -2.034e-22  0.000e+00  2.589e-08  3.181e-04  3.332e-02  4.271e-01  4.478e-01  8.925e-02  2.310e-03  5.930e-06  2.429e-09  0.000e+00  0.000e+00  0.000e+00 
 5.58   0.00     5.907e-04 -4.000  1.206e+00 0.619 2.739e+08 -2.085e-22  0.000e+00  3.352e-08  4.063e-04  3.965e-02  4.622e-01  4.243e-01  7.195e-02  1.519e-03  3.004e-06  8.902e-10  0.000e+00  0.000e+00  0.000e+00 
 5.57   0.00     5.907e-04 -4.000  1.205e+00 0.619 2.614e+08 -2.135e-22  0.000e+00  4.148e-08  4.972e-04  4.558e-02  4.895e-01  4.029e-01  6.032e-02  1.098e-03  1.821e-06  4.398e-10  0.000e+00  0.000e+00  0.000e+00 
 5.56   0.00     5.907e-04 -4.000  1.205e+00 0.619 2.478e+08 -2.201e-22  0.000e+00  5.174e-08  6.130e-04  5.261e-02  5.178e-01  3.788e-01  4.942e-02  7.634e-04  1.038e-06  1.990e-10  0.000e+00  0.000e+00  0.000e+00 
 5.55   0.00     5.907e-04 -4.000  1.205e+00 0.619 2.327e+08 -2.290e-22  0.000e+00  6.529e-08  7.646e-04  6.115e-02  5.474e-01  3.510e-01  3.912e-02  4.981e-04  5.329e-07  0.000e+00  0.000e+00  0.000e+00  0.000e+00 
 5.54   0.00     5.907e-04 -4.000  1.205e+00 0.619 2.163e+08 -2.408e-22  0.000e+00  8.307e-08  9.618e-04  7.141e-02  5.773e-01  3.202e-01  2.984e-02  3.031e-04  2.426e-07  0.000e+00  0.000e+00  0.000e+00  0.000e+00 
 5.53   0.00     5.907e-04 -4.000  1.205e+00 0.619 2.020e+08 -2.520e-22  0.000e+00  1.009e-07  1.158e-03  8.058e-02  5.980e-01  2.958e-01  2.417e-02  2.104e-04  1.403e-07  0.000e+00  0.000e+00  0.000e+00  0.000e+00 
 5.52   0.00     5.907e-04 -4.000  1.205e+00 0.619 1.870e+08 -2.660e-22  0.000e+00  1.237e-07  1.407e-03  9.141e-02  6.184e-01  2.696e-01  1.900e-02  1.387e-04  7.496e-08  0.000e+00  0.000e+00  0.000e+00  0.000e+00 
 5.51   0.00     5.907e-04 -4.000  1.205e+00 0.619 1.712e+08 -2.838e-22  0.000e+00  1.536e-07  1.730e-03  1.044e-01  6.382e-01  2.413e-01  1.432e-02  8.463e-05  3.527e-08  0.000e+00  0.000e+00  0.000e+00  0.000e+00 
 5.50   0.00     5.907e-04 -4.000  1.205e+00 0.619 1.554e+08 -3.057e-22  0.000e+00  1.925e-07  2.149e-03  1.198e-01  6.561e-01  2.116e-01  1.029e-02  4.728e-05  1.423e-08  0.000e+00  0.000e+00  0.000e+00  0.000e+00 
 5.49   0.00     5.907e-04 -4.000  1.205e+00 0.619 1.429e+08 -3.247e-22  0.000e+00  2.298e-07  2.548e-03  1.329e-01  6.659e-01  1.905e-01  8.077e-03  3.163e-05  7.907e-09  0.000e+00  0.000e+00  0.000e+00  0.000e+00 
 5.48   0.00     5.907e-04 -4.000  1.205e+00 0.619 1.307e+08 -3.469e-22  0.000e+00  2.776e-07  3.057e-03  1.484e-01  6.739e-01  1.685e-01  6.093e-03  1.976e-05  3.951e-09  0.000e+00  0.000e+00  0.000e+00  0.000e+00 
 5.47   0.00     5.907e-04 -4.000  1.205e+00 0.619 1.190e+08 -3.727e-22  0.000e+00  3.398e-07  3.717e-03  1.669e-01  6.794e-01  1.455e-01  4.362e-03  1.123e-05  1.694e-09  0.000e+00  0.000e+00  0.000e+00  0.000e+00 
 5.46   0.00     5.907e-04 -4.000  1.205e+00 0.619 1.080e+08 -4.010e-22  0.000e+00  4.202e-07  4.566e-03  1.886e-01  6.813e-01  1.226e-01  2.945e-03  5.723e-06  5.984e-10  0.000e+00  0.000e+00  0.000e+00  0.000e+00 
 5.45   0.00     5.907e-04 -4.000  1.205e+00 0.619 1.004e+08 -4.215e-22  0.000e+00  4.941e-07  5.346e-03  2.062e-01  6.785e-01  1.077e-01  2.243e-03  3.698e-06  3.208e-10  0.000e+00  0.000e+00  0.000e+00  0.000e+00 
 5.44   0.00     5.907e-04 -4.000  1.205e+00 0.619 9.334e+07 -4.431e-22  0.000e+00  5.889e-07  6.346e-03  2.269e-01  6.726e-01  9.243e-02  1.622e-03  2.186e-06  1.496e-10  0.000e+00  0.000e+00  0.000e+00  0.000e+00 
 5.43   0.00     5.907e-04 -4.000  1.205e+00 0.619 8.696e+07 -4.647e-22  0.000e+00  7.118e-07  7.637e-03  2.515e-01  6.627e-01  7.706e-02  1.101e-03  1.154e-06  0.000e+00  0.000e+00  0.000e+00  0.000e+00  0.000e+00 
 5.42   0.00     5.907e-04 -4.000  1.205e+00 0.619 8.147e+07 -4.847e-22  0.000e+00  8.675e-07  9.271e-03  2.795e-01  6.481e-01  6.244e-02  7.014e-04  5.409e-07  0.000e+00  0.000e+00  0.000e+00  0.000e+00  0.000e+00 
 5.41   0.00     5.907e-04 -4.000  1.204e+00 0.619 7.778e+07 -4.961e-22  0.000e+00  1.008e-06  1.076e-02  3.017e-01  6.336e-01  5.338e-02  5.140e-04  3.323e-07  0.000e+00  0.000e+00  0.000e+00  0.000e+00  0.000e+00 
 5.40   0.00     5.907e-04 -4.000  1.204e+00 0.619 7.446e+07 -5.064e-22  0.000e+00  1.187e-06  1.264e-02  3.275e-01  6.151e-01  4.441e-02  3.558e-04  1.853e-07  0.000e+00  0.000e+00  0.000e+00  0.000e+00  0.000e+00 
 5.39   0.00     5.907e-04 -4.000  1.204e+00 0.619 7.153e+07 -5.153e-22  0.000e+00  1.416e-06  1.507e-02  3.575e-01  5.916e-01  3.562e-02  2.280e-04  9.025e-08  0.000e+00  0.000e+00  0.000e+00  0.000e+00  0.000e+00 
 5.38   0.00     5.907e-04 -4.000  1.204e+00 0.619 6.902e+07 -5.218e-22  0.000e+00  1.701e-06  1.808e-02  3.907e-01  5.635e-01  2.770e-02  1.364e-04  3.863e-08  0.000e+00  0.000e+00  0.000e+00  0.000e+00  0.000e+00 
 5.37   0.00     5.907e-04 -4.000  1.204e+00 0.619 6.723e+07 -5.235e-22  0.000e+00  1.953e-06  2.078e-02  4.162e-01  5.399e-01  2.300e-02  9.595e-05  2.248e-08  0.000e+00  0.000e+00  0.000e+00  0.000e+00  0.000e+00 
 5.36   0.00     5.907e-04 -4.000  1.204e+00 0.619 6.556e+07 -5.246e-22  0.000e+00  2.269e-06  2.416e-02  4.450e-01  5.123e-01  1.850e-02  6.333e-05  1.177e-08  0.000e+00  0.000e+00  0.000e+00  0.000e+00  0.000e+00 
 5.35   0.00     5.907e-04 -4.000  1.204e+00 0.619 6.398e+07 -5.252e-22  1.103e-10  2.671e-06  2.849e-02  4.776e-01  4.795e-01  1.422e-02  3.808e-05  5.243e-09  0.000e+00  0.000e+00  0.000e+00  0.000e+00  0.000e+00 
 5.34   0.00     5.907e-04 -4.000  1.204e+00 0.619 6.252e+07 -5.253e-22  1.355e-10  3.159e-06  3.376e-02  5.124e-01  4.433e-01  1.054e-02  2.119e-05  2.020e-09  0.000e+00  0.000e+00  0.000e+00  0.000e+00  0.000e+00 
 5.33   0.00     5.907e-04 -4.000  1.204e+00 0.619 6.130e+07 -5.235e-22  1.596e-10  3.576e-06  3.837e-02  5.375e-01  4.156e-01  8.488e-03  1.429e-05  1.113e-09  0.000e+00  0.000e+00  0.000e+00  0.000e+00  0.000e+00 
 5.32   0.00     5.907e-04 -4.000  1.204e+00 0.619 6.007e+07 -5.220e-22  1.900e-10  4.091e-06  4.407e-02  5.649e-01  3.844e-01  6.578e-03  8.961e-06  5.449e-10  0.000e+00  0.000e+00  0.000e+00  0.000e+00  0.000e+00 
 5.31   0.00     5.907e-04 -4.000  1.204e+00 0.619 5.878e+07 -5.213e-22  2.290e-10  4.745e-06  5.132e-02  5.949e-01  3.489e-01  4.818e-03  5.014e-06  2.195e-10  0.000e+00  0.000e+00  0.000e+00  0.000e+00  0.000e+00 
 5.30   0.00     5.907e-04 -4.000  1.204e+00 0.619 5.747e+07 -5.211e-22  2.770e-10  5.521e-06  6.000e-02  6.249e-01  3.117e-01  3.381e-03  2.561e-06  0.000e+00  0.000e+00  0.000e+00  0.000e+00  0.000e+00  0.000e+00 
 5.29   0.00     5.907e-04 -4.000  1.204e+00 0.619 5.634e+07 -5.195e-22  3.216e-10  6.153e-06  6.729e-02  6.445e-01  2.855e-01  2.639e-03  1.660e-06  0.000e+00  0.000e+00  0.000e+00  0.000e+00  0.000e+00  0.000e+00 
 5.28   0.00     5.907e-04 -4.000  1.204e+00 0.619 5.514e+07 -5.186e-22  3.770e-10  6.930e-06  7.629e-02  6.649e-01  2.568e-01  1.965e-03  9.848e-07  0.000e+00  0.000e+00  0.000e+00  0.000e+00  0.000e+00  0.000e+00 
 5.27   0.00     5.907e-04 -4.000  1.203e+00 0.619 5.388e+07 -5.186e-22  4.477e-10  7.911e-06  8.771e-02  6.857e-01  2.252e-01  1.365e-03  5.085e-07  0.000e+00  0.000e+00  0.000e+00  0.000e+00  0.000e+00  0.000e+00 
 5.26   0.00     5.907e-04 -4.000  1.203e+00 0.619 5.263e+07 -5.189e-22  5.331e-10  9.052e-06  1.012e-01  7.043e-01  1.937e-01  8.995e-04  2.351e-07  0.000e+00  0.000e+00  0.000e+00  0.000e+00  0.000e+00  0.000e+00 
 5.25   0.00     5.907e-04 -4.000  1.203e+00 0.619 5.159e+07 -5.173e-22  6.100e-10  9.934e-06  1.119e-01  7.140e-01  1.734e-01  6.818e-04  1.469e-07  0.000e+00  0.000e+00  0.000e+00  0.000e+00  0.000e+00  0.000e+00 
 5.24   0.00     5.907e-04 -4.000  1.203e+00 0.619 5.053e+07 -5.161e-22  7.052e-10  1.102e-05  1.253e-01  7.227e-01  1.516e-01  4.870e-04  8.231e-08  0.000e+00  0.000e+00  0.000e+00  0.000e+00  0.000e+00  0.000e+00 
 5.23   0.00     5.907e-04 -4.000  1.203e+00 0.619 4.944e+07 -5.153e-22  8.258e-10  1.239e-05  1.422e-01  7.293e-01  1.280e-01  3.187e-04  3.893e-08  0.000e+00  0.000e+00  0.000e+00  0.000e+00  0.000e+00  0.000e+00 
 5.22   0.00     5.907e-04 -4.000  1.203e+00 0.619 4.840e+07 -5.145e-22  9.695e-10  1.397e-05  1.619e-01  7.321e-01  1.057e-01  1.961e-04  1.606e-08  0.000e+00  0.000e+00  0.000e+00  0.000e+00  0.000e+00  0.000e+00 
 5.21   0.00     5.907e-04 -4.000  1.203e+00 0.619 4.755e+07 -5.118e-22  1.095e-09  1.511e-05  1.770e-01  7.301e-01  9.260e-02  1.446e-04  9.718e-09  0.000e+00  0.000e+00  0.000e+00  0.000e+00  0.000e+00  0.000e+00 
 5.20   0.00     5.907e-04 -4.000  1.203e+00 0.619 4.666e+07 -5.096e-22  1.250e-09  1.655e-05  1.960e-01  7.254e-01  7.857e-02  9.887e-05  5.129e-09  0.000e+00  0.000e+00  0.000e+00  0.000e+00  0.000e+00  0.000e+00 
 5.19   0.00     5.907e-04 -4.000  1.203e+00 0.619 4.573e+07 -5.082e-22  1.446e-09  1.835e-05  2.199e-01  7.161e-01  6.386e-02  6.078e-05  2.205e-09  0.000e+00  0.000e+00  0.000e+00  0.000e+00  0.000e+00  0.000e+00 
 5.18   0.00     5.907e-04 -4.000  1.202e+00 0.619 4.477e+07 -5.071e-22  1.676e-09  2.041e-05  2.474e-01  7.020e-01  5.048e-02  3.466e-05  8.002e-10  0.000e+00  0.000e+00  0.000e+00  0.000e+00  0.000e+00  0.000e+00 
 5.17   0.00     5.907e-04 -4.000  1.202e+00 0.619 4.395e+07 -5.048e-22  1.874e-09  2.183e-05  2.676e-01  6.892e-01  4.323e-02  2.487e-05  4.700e-10  0.000e+00  0.000e+00  0.000e+00  0.000e+00  0.000e+00  0.000e+00 
 5.16   0.00     5.907e-04 -4.000  1.202e+00 0.619 4.304e+07 -5.037e-22  2.117e-09  2.363e-05  2.929e-01  6.715e-01  3.555e-02  1.624e-05  2.327e-10  0.000e+00  0.000e+00  0.000e+00  0.000e+00  0.000e+00  0.000e+00 
 5.15   0.00     5.907e-04 -4.000  1.202e+00 0.619 4.201e+07 -5.043e-22  2.421e-09  2.588e-05  3.249e-01  6.474e-01  2.768e-02  9.309e-06  0.000e+00  0.000e+00  0.000e+00  0.000e+00  0.000e+00  0.000e+00  0.000e+00 
 5.14   0.00     5.907e-04 -4.000  1.202e+00 0.620 4.090e+07 -5.061e-22  2.772e-09  2.839e-05  3.608e-01  6.183e-01  2.085e-02  4.883e-06  0.000e+00  0.000e+00  0.000e+00  0.000e+00  0.000e+00  0.000e+00  0.000e+00 
 5.13   0.00     5.907e-04 -4.000  1.201e+00 0.620 3.994e+07 -5.064e-22  3.071e-09  3.008e-05  3.860e-01  5.965e-01  1.742e-02  3.394e-06  0.000e+00  0.000e+00  0.000e+00  0.000e+00  0.000e+00  0.000e+00  0.000e+00 
 5.12   0.00     5.907e-04 -4.000  1.201e+00 0.620 3.884e+07 -5.088e-22  3.435e-09  3.218e-05  4.175e-01  5.686e-01  1.382e-02  2.105e-06  0.000e+00  0.000e+00  0.000e+00  0.000e+00  0.000e+00  0.000e+00  0.000e+00 
 5.11   0.00     5.907e-04 -4.000  1.201e+00 0.620 3.761e+07 -5.135e-22  3.881e-09  3.480e-05  4.567e-01  5.331e-01  1.025e-02  1.116e-06  0.000e+00  0.000e+00  0.000e+00  0.000e+00  0.000e+00  0.000e+00  0.000e+00 
 5.10   0.00     5.907e-04 -4.000  1.200e+00 0.620 3.631e+07 -5.196e-22  4.386e-09  3.762e-05  4.991e-01  4.936e-01  7.308e-03  5.344e-07  0.000e+00  0.000e+00  0.000e+00  0.000e+00  0.000e+00  0.000e+00  0.000e+00 
 5.09   0.00     5.907e-04 -4.000  1.200e+00 0.620 3.525e+07 -5.229e-22  4.820e-09  3.951e-05  5.276e-01  4.664e-01  5.919e-03  3.563e-07  0.000e+00  0.000e+00  0.000e+00  0.000e+00  0.000e+00  0.000e+00  0.000e+00 
 5.08   0.00     5.907e-04 -4.000  1.200e+00 0.620 3.410e+07 -5.282e-22  5.338e-09  4.180e-05  5.625e-01  4.330e-01  4.506e-03  2.082e-07  0.000e+00  0.000e+00  0.000e+00  0.000e+00  0.000e+00  0.000e+00  0.000e+00 
 5.07   0.00     5.907e-04 -4.000  1.199e+00 0.620 3.286e+07 -5.354e-22  5.957e-09  4.459e-05  6.047e-01  3.920e-01  3.147e-03  1.005e-07  0.000e+00  0.000e+00  0.000e+00  0.000e+00  0.000e+00  0.000e+00  0.000e+00 
 5.06   0.00     5.907e-04 -4.000  1.198e+00 0.621 3.169e+07 -5.426e-22  6.639e-09  4.747e-05  6.478e-01  3.500e-01  2.113e-03  4.376e-08  0.000e+00  0.000e+00  0.000e+00  0.000e+00  0.000e+00  0.000e+00  0.000e+00 
 5.05   0.00     5.907e-04 -4.000  1.197e+00 0.621 3.079e+07 -5.453e-22  7.252e-09  4.949e-05  6.758e-01  3.225e-01  1.645e-03  2.754e-08  0.000e+00  0.000e+00  0.000e+00  0.000e+00  0.000e+00  0.000e+00  0.000e+00 
 5.04   0.00     5.907e-04 -4.000  1.197e+00 0.621 2.990e+07 -5.487e-22  7.960e-09  5.185e-05  7.085e-01  2.902e-01  1.193e-03  1.505e-08  0.000e+00  0.000e+00  0.000e+00  0.000e+00  0.000e+00  0.000e+00  0.000e+00 
 5.03   0.00     5.907e-04 -4.000  1.195e+00 0.621 2.899e+07 -5.528e-22  8.784e-09  5.462e-05  7.471e-01  2.520e-01  7.758e-04  6.507e-09  0.000e+00  0.000e+00  0.000e+00  0.000e+00  0.000e+00  0.000e+00  0.000e+00 
 5.02   0.00     5.907e-04 -4.000  1.194e+00 0.622 2.819e+07 -5.551e-22  9.634e-09  5.743e-05  7.837e-01  2.157e-01  4.841e-04  2.519e-09  0.000e+00  0.000e+00  0.000e+00  0.000e+00  0.000e+00  0.000e+00  0.000e+00 
 5.01   0.00     5.907e-04 -4.000  1.193e+00 0.622 2.764e+07 -5.529e-22  1.034e-08  5.960e-05  8.063e-01  1.933e-01  3.617e-04  1.499e-09  0.000e+00  0.000e+00  0.000e+00  0.000e+00  0.000e+00  0.000e+00  0.000e+00 
 5.00   0.00     5.907e-04 -4.000  1.191e+00 0.623 2.711e+07 -5.507e-22  1.111e-08  6.208e-05  8.316e-01  1.681e-01  2.487e-04  7.607e-10  0.000e+00  0.000e+00  0.000e+00  0.000e+00  0.000e+00  0.000e+00  0.000e+00 
 4.99   0.00     5.907e-04 -4.000  1.189e+00 0.623 2.657e+07 -5.485e-22  1.201e-08  6.490e-05  8.604e-01  1.394e-01  1.490e-04  2.903e-10  0.000e+00  0.000e+00  0.000e+00  0.000e+00  0.000e+00  0.000e+00  0.000e+00 
 4.98   0.00     5.907e-04 -4.000  1.187e+00 0.624 2.611e+07 -5.448e-22  1.303e-08  6.780e-05  8.860e-01  1.138e-01  8.537e-05  0.000e+00  0.000e+00  0.000e+00  0.000e+00  0.000e+00  0.000e+00  0.000e+00  0.000e+00 
 4.97   0.00     5.907e-04 -4.000  1.184e+00 0.624 2.582e+07 -5.379e-22  1.425e-08  7.044e-05  9.006e-01  9.927e-02  6.128e-05  0.000e+00  0.000e+00  0.000e+00  0.000e+00  0.000e+00  0.000e+00  0.000e+00  0.000e+00 
 4.96   0.00     5.907e-04 -4.000  1.181e+00 0.625 2.554e+07 -5.309e-22  1.563e-08  7.338e-05  9.167e-01  8.320e-02  3.974e-05  0.000e+00  0.000e+00  0.000e+00  0.000e+00  0.000e+00  0.000e+00  0.000e+00  0.000e+00 
 4.95   0.00     5.907e-04 -4.000  1.178e+00 0.626 2.524e+07 -5.241e-22  1.721e-08  7.669e-05  9.343e-01  6.562e-02  2.173e-05  0.000e+00  0.000e+00  0.000e+00  0.000e+00  0.000e+00  0.000e+00  0.000e+00  0.000e+00 
 4.94   0.00     5.907e-04 -4.000  1.174e+00 0.627 2.500e+07 -5.161e-22  1.897e-08  8.025e-05  9.489e-01  5.102e-02  1.129e-05  0.000e+00  0.000e+00  0.000e+00  0.000e+00  0.000e+00  0.000e+00  0.000e+00  0.000e+00 
 4.93   0.00     5.907e-04 -4.000  1.170e+00 0.628 2.490e+07 -5.057e-22  2.089e-08  8.393e-05  9.566e-01  4.327e-02  7.780e-06  0.000e+00  0.000e+00  0.000e+00  0.000e+00  0.000e+00  0.000e+00  0.000e+00  0.000e+00 
 4.92   0.00     5.907e-04 -4.000  1.166e+00 0.629 2.481e+07 -4.949e-22  2.309e-08  8.802e-05  9.649e-01  3.494e-02  4.734e-06  0.000e+00  0.000e+00  0.000e+00  0.000e+00  0.000e+00  0.000e+00  0.000e+00  0.000e+00 
 4.91   0.00     5.907e-04 -4.000  1.160e+00 0.631 2.477e+07 -4.834e-22  2.561e-08  9.260e-05  9.738e-01  2.613e-02  2.337e-06  0.000e+00  0.000e+00  0.000e+00  0.000e+00  0.000e+00  0.000e+00  0.000e+00  0.000e+00 
 4.90   0.00     5.907e-04 -4.000  1.155e+00 0.633 2.480e+07 -4.705e-22  2.848e-08  9.765e-05  9.806e-01  1.930e-02  1.090e-06  0.000e+00  0.000e+00  0.000e+00  0.000e+00  0.000e+00  0.000e+00  0.000e+00  0.000e+00 
 4.89   0.00     5.907e-04 -4.000  1.151e+00 0.634 2.495e+07 -4.563e-22  3.172e-08  1.032e-04  9.840e-01  1.590e-02  7.180e-07  0.000e+00  0.000e+00  0.000e+00  0.000e+00  0.000e+00  0.000e+00  0.000e+00  0.000e+00 
 4.88   0.00     5.907e-04 -4.000  1.146e+00 0.635 2.516e+07 -4.411e-22  3.547e-08  1.093e-04  9.876e-01  1.235e-02  4.075e-07  0.000e+00  0.000e+00  0.000e+00  0.000e+00  0.000e+00  0.000e+00  0.000e+00  0.000e+00 
 4.87   0.00     5.907e-04 -4.000  1.140e+00 0.636 2.549e+07 -4.244e-22  3.982e-08  1.163e-04  9.912e-01  8.733e-03  1.799e-07  0.000e+00  0.000e+00  0.000e+00  0.000e+00  0.000e+00  0.000e+00  0.000e+00  0.000e+00 
 4.86   0.00     5.907e-04 -4.000  1.135e+00 0.638 2.590e+07 -4.072e-22  4.482e-08  1.240e-04  9.938e-01  6.111e-03  7.447e-08  0.000e+00  0.000e+00  0.000e+00  0.000e+00  0.000e+00  0.000e+00  0.000e+00  0.000e+00 
 4.85   0.00     5.907e-04 -4.000  1.130e+00 0.639 2.635e+07 -3.906e-22  5.053e-08  1.325e-04  9.950e-01  4.884e-03  4.663e-08  0.000e+00  0.000e+00  0.000e+00  0.000e+00  0.000e+00  0.000e+00  0.000e+00  0.000e+00 
 4.84   0.00     5.907e-04 -4.000  1.126e+00 0.640 2.691e+07 -3.730e-22  5.721e-08  1.421e-04  9.963e-01  3.643e-03  2.457e-08  0.000e+00  0.000e+00  0.000e+00  0.000e+00  0.000e+00  0.000e+00  0.000e+00  0.000e+00 
 4.83   0.00     5.907e-04 -4.000  1.122e+00 0.642 2.761e+07 -3.544e-22  6.511e-08  1.529e-04  9.974e-01  2.432e-03  9.613e-09  0.000e+00  0.000e+00  0.000e+00  0.000e+00  0.000e+00  0.000e+00  0.000e+00  0.000e+00 
 4.82   0.00     5.907e-04 -4.000  1.117e+00 0.643 2.835e+07 -3.367e-22  7.424e-08  1.649e-04  9.982e-01  1.612e-03  3.517e-09  0.000e+00  0.000e+00  0.000e+00  0.000e+00  0.000e+00  0.000e+00  0.000e+00  0.000e+00 
 4.81   0.00     5.907e-04 -4.000  1.115e+00 0.644 2.902e+07 -3.210e-22  8.464e-08  1.779e-04  9.986e-01  1.248e-03  2.076e-09  0.000e+00  0.000e+00  0.000e+00  0.000e+00  0.000e+00  0.000e+00  0.000e+00  0.000e+00 
 4.80   0.00     5.907e-04 -4.000  1.113e+00 0.644 2.983e+07 -3.050e-22  9.704e-08  1.929e-04  9.989e-01  8.942e-04  1.014e-09  0.000e+00  0.000e+00  0.000e+00  0.000e+00  0.000e+00  0.000e+00  0.000e+00  0.000e+00 
 4.79   0.00     5.907e-04 -4.000  1.110e+00 0.645 3.077e+07 -2.885e-22  1.119e-07  2.100e-04  9.992e-01  5.622e-04  3.484e-10  0.000e+00  0.000e+00  0.000e+00  0.000e+00  0.000e+00  0.000e+00  0.000e+00  0.000e+00 
 4.78   0.00     5.907e-04 -4.000  1.108e+00 0.646 3.167e+07 -2.736e-22  1.290e-07  2.287e-04  9.994e-01  3.524e-04  1.103e-10  0.000e+00  0.000e+00  0.000e+00  0.000e+00  0.000e+00  0.000e+00  0.000e+00  0.000e+00 
 4.77   0.00     5.907e-04 -4.000  1.107e+00 0.646 3.245e+07 -2.609e-22  1.487e-07  2.491e-04  9.995e-01  2.639e-04  0.000e+00  0.000e+00  0.000e+00  0.000e+00  0.000e+00  0.000e+00  0.000e+00  0.000e+00  0.000e+00 
 4.76   0.00     5.907e-04 -4.000  1.105e+00 0.647 3.334e+07 -2.480e-22  1.723e-07  2.726e-04  9.996e-01  1.818e-04  0.000e+00  0.000e+00  0.000e+00  0.000e+00  0.000e+00  0.000e+00  0.000e+00  0.000e+00  0.000e+00 
 4.75   0.00     5.907e-04 -4.000  1.104e+00 0.647 3.436e+07 -2.351e-22  2.011e-07  2.998e-04  9.996e-01  1.070e-04  0.000e+00  0.000e+00  0.000e+00  0.000e+00  0.000e+00  0.000e+00  0.000e+00  0.000e+00  0.000e+00 
 4.74   0.00     5.907e-04 -4.000  1.103e+00 0.647 3.528e+07 -2.236e-22  2.344e-07  3.296e-04  9.996e-01  6.324e-05  0.000e+00  0.000e+00  0.000e+00  0.000e+00  0.000e+00  0.000e+00  0.000e+00  0.000e+00  0.000e+00 
 4.73   0.00     5.907e-04 -4.000  1.103e+00 0.647 3.606e+07 -2.138e-22  2.724e-07  3.618e-04  9.996e-01  4.585e-05  0.000e+00  0.000e+00  0.000e+00  0.000e+00  0.000e+00  0.000e+00  0.000e+00  0.000e+00  0.000e+00 
 4.72   0.00     5.907e-04 -4.000  1.102e+00 0.648 3.692e+07 -2.040e-22  3.190e-07  3.992e-04  9.996e-01  3.035e-05  0.000e+00  0.000e+00  0.000e+00  0.000e+00  0.000e+00  0.000e+00  0.000e+00  0.000e+00  0.000e+00 
 4.71   0.00     5.907e-04 -4.000  1.102e+00 0.648 3.788e+07 -1.942e-22  3.767e-07  4.435e-04  9.995e-01  1.656e-05  0.000e+00  0.000e+00  0.000e+00  0.000e+00  0.000e+00  0.000e+00  0.000e+00  0.000e+00  0.000e+00 
 4.70   0.00     5.907e-04 -4.000  1.101e+00 0.648 3.870e+07 -1.857e-22  4.433e-07  4.916e-04  9.995e-01  8.935e-06  0.000e+00  0.000e+00  0.000e+00  0.000e+00  0.000e+00  0.000e+00  0.000e+00  0.000e+00  0.000e+00 
 4.69   0.00     5.907e-04 -4.000  1.101e+00 0.648 3.938e+07 -1.783e-22  5.196e-07  5.434e-04  9.994e-01  5.861e-06  0.000e+00  0.000e+00  0.000e+00  0.000e+00  0.000e+00  0.000e+00  0.000e+00  0.000e+00  0.000e+00 
 4.68   0.00     5.907e-04 -4.000  1.101e+00 0.648 4.012e+07 -1.710e-22  6.146e-07  6.046e-04  9.994e-01  3.187e-06  0.000e+00  0.000e+00  0.000e+00  0.000e+00  0.000e+00  0.000e+00  0.000e+00  0.000e+00  0.000e+00 
 4.67   0.00     5.907e-04 -4.000  1.100e+00 0.648 4.093e+07 -1.639e-22  7.347e-07  6.783e-04  9.993e-01  8.848e-07  0.000e+00  0.000e+00  0.000e+00  0.000e+00  0.000e+00  0.000e+00  0.000e+00  0.000e+00  0.000e+00 
 4.66   0.00     5.907e-04 -4.000  1.100e+00 0.648 4.157e+07 -1.576e-22  8.728e-07  7.578e-04  9.992e-01  0.000e+00  0.000e+00  0.000e+00  0.000e+00  0.000e+00  0.000e+00  0.000e+00  0.000e+00  0.000e+00  0.000e+00 
 4.65   0.00     5.907e-04 -4.000  1.099e+00 0.648 4.208e+07 -1.521e-22  1.031e-06  8.437e-04  9.991e-01  0.000e+00  0.000e+00  0.000e+00  0.000e+00  0.000e+00  0.000e+00  0.000e+00  0.000e+00  0.000e+00  0.000e+00 
 4.64   0.00     5.907e-04 -4.000  1.099e+00 0.648 4.261e+07 -1.468e-22  1.233e-06  9.466e-04  9.991e-01  0.000e+00  0.000e+00  0.000e+00  0.000e+00  0.000e+00  0.000e+00  0.000e+00  0.000e+00  0.000e+00  0.000e+00 
 4.63   0.00     5.907e-04 -4.000  1.099e+00 0.649 4.317e+07 -1.415e-22  1.492e-06  1.073e-03  9.989e-01  0.000e+00  0.000e+00  0.000e+00  0.000e+00  0.000e+00  0.000e+00  0.000e+00  0.000e+00  0.000e+00  0.000e+00 
 4.62   0.00     5.907e-04 -4.000  1.098e+00 0.649 4.355e+07 -1.371e-22  1.790e-06  1.209e-03  9.988e-01  0.000e+00  0.000e+00  0.000e+00  0.000e+00  0.000e+00  0.000e+00  0.000e+00  0.000e+00  0.000e+00  0.000e+00 
 4.61   0.00     5.907e-04 -4.000  1.097e+00 0.649 4.383e+07 -1.330e-22  2.134e-06  1.355e-03  9.986e-01  0.000e+00  0.000e+00  0.000e+00  0.000e+00  0.000e+00  0.000e+00  0.000e+00  0.000e+00  0.000e+00  0.000e+00 
 4.60   0.00     5.907e-04 -4.000  1.097e+00 0.649 4.409e+07 -1.292e-22  2.578e-06  1.534e-03  9.985e-01  0.000e+00  0.000e+00  0.000e+00  0.000e+00  0.000e+00  0.000e+00  0.000e+00  0.000e+00  0.000e+00  0.000e+00 
 4.59   0.00     5.907e-04 -4.000  1.096e+00 0.650 4.430e+07 -1.257e-22  3.163e-06  1.758e-03  9.982e-01  0.000e+00  0.000e+00  0.000e+00  0.000e+00  0.000e+00  0.000e+00  0.000e+00  0.000e+00  0.000e+00  0.000e+00 
 4.58   0.00     5.907e-04 -4.000  1.094e+00 0.650 4.436e+07 -1.225e-22  3.831e-06  1.997e-03  9.980e-01  0.000e+00  0.000e+00  0.000e+00  0.000e+00  0.000e+00  0.000e+00  0.000e+00  0.000e+00  0.000e+00  0.000e+00 
 4.57   0.00     5.907e-04 -4.000  1.093e+00 0.650 4.434e+07 -1.197e-22  4.612e-06  2.257e-03  9.978e-01  0.000e+00  0.000e+00  0.000e+00  0.000e+00  0.000e+00  0.000e+00  0.000e+00  0.000e+00  0.000e+00  0.000e+00 
 4.56   0.00     5.907e-04 -4.000  1.092e+00 0.651 4.424e+07 -1.172e-22  5.634e-06  2.579e-03  9.974e-01  0.000e+00  0.000e+00  0.000e+00  0.000e+00  0.000e+00  0.000e+00  0.000e+00  0.000e+00  0.000e+00  0.000e+00 
 4.55   0.00     5.907e-04 -4.000  1.089e+00 0.652 4.403e+07 -1.149e-22  7.012e-06  2.990e-03  9.970e-01  0.000e+00  0.000e+00  0.000e+00  0.000e+00  0.000e+00  0.000e+00  0.000e+00  0.000e+00  0.000e+00  0.000e+00 
 4.54   0.00     5.907e-04 -4.000  1.086e+00 0.652 4.373e+07 -1.130e-22  8.587e-06  3.427e-03  9.966e-01  0.000e+00  0.000e+00  0.000e+00  0.000e+00  0.000e+00  0.000e+00  0.000e+00  0.000e+00  0.000e+00  0.000e+00 
 4.53   0.00     5.907e-04 -4.000  1.084e+00 0.653 4.337e+07 -1.112e-22  1.044e-05  3.906e-03  9.961e-01  0.000e+00  0.000e+00  0.000e+00  0.000e+00  0.000e+00  0.000e+00  0.000e+00  0.000e+00  0.000e+00  0.000e+00 
 4.52   0.00     5.907e-04 -4.000  1.080e+00 0.654 4.291e+07 -1.096e-22  1.291e-05  4.510e-03  9.955e-01  0.000e+00  0.000e+00  0.000e+00  0.000e+00  0.000e+00  0.000e+00  0.000e+00  0.000e+00  0.000e+00  0.000e+00 
 4.51   0.00     5.907e-04 -4.000  1.075e+00 0.656 4.232e+07 -1.083e-22  1.632e-05  5.297e-03  9.946e-01  0.000e+00  0.000e+00  0.000e+00  0.000e+00  0.000e+00  0.000e+00  0.000e+00  0.000e+00  0.000e+00  0.000e+00 
 4.50   0.00     5.907e-04 -4.000  1.071e+00 0.657 4.169e+07 -1.073e-22  2.020e-05  6.130e-03  9.938e-01  0.000e+00  0.000e+00  0.000e+00  0.000e+00  0.000e+00  0.000e+00  0.000e+00  0.000e+00  0.000e+00  0.000e+00 
 4.49   0.00     5.907e-04 -4.000  1.066e+00 0.659 4.105e+07 -1.063e-22  2.480e-05  7.048e-03  9.929e-01  0.000e+00  0.000e+00  0.000e+00  0.000e+00  0.000e+00  0.000e+00  0.000e+00  0.000e+00  0.000e+00  0.000e+00 
 4.48   0.00     5.907e-04 -4.000  1.061e+00 0.660 4.030e+07 -1.055e-22  3.106e-05  8.228e-03  9.918e-01  0.000e+00  0.000e+00  0.000e+00  0.000e+00  0.000e+00  0.000e+00  0.000e+00  0.000e+00  0.000e+00  0.000e+00 
 4.47   0.00     5.907e-04 -4.000  1.053e+00 0.662 3.940e+07 -1.051e-22  3.995e-05  9.806e-03  9.902e-01  0.000e+00  0.000e+00  0.000e+00  0.000e+00  0.000e+00  0.000e+00  0.000e+00  0.000e+00  0.000e+00  0.000e+00 
 4.46   0.00     5.907e-04 -4.000  1.046e+00 0.664 3.852e+07 -1.047e-22  4.999e-05  1.145e-02  9.885e-01  0.000e+00  0.000e+00  0.000e+00  0.000e+00  0.000e+00  0.000e+00  0.000e+00  0.000e+00  0.000e+00  0.000e+00 
 4.45   0.00     5.907e-04 -4.000  1.040e+00 0.667 3.765e+07 -1.043e-22  6.200e-05  1.329e-02  9.866e-01  0.000e+00  0.000e+00  0.000e+00  0.000e+00  0.000e+00  0.000e+00  0.000e+00  0.000e+00  0.000e+00  0.000e+00 
 4.44   0.00     5.907e-04 -4.000  1.033e+00 0.669 3.666e+07 -1.044e-22  7.870e-05  1.570e-02  9.842e-01  0.000e+00  0.000e+00  0.000e+00  0.000e+00  0.000e+00  0.000e+00  0.000e+00  0.000e+00  0.000e+00  0.000e+00 
 4.43   0.00     5.907e-04 -4.000  1.024e+00 0.671 3.545e+07 -1.051e-22  1.032e-04  1.902e-02  9.809e-01  0.000e+00  0.000e+00  0.000e+00  0.000e+00  0.000e+00  0.000e+00  0.000e+00  0.000e+00  0.000e+00  0.000e+00 
 4.42   0.00     5.907e-04 -4.000  1.018e+00 0.674 3.432e+07 -1.057e-22  1.303e-04  2.240e-02  9.775e-01  0.000e+00  0.000e+00  0.000e+00  0.000e+00  0.000e+00  0.000e+00  0.000e+00  0.000e+00  0.000e+00  0.000e+00 
 4.41   0.00     5.907e-04 -4.000  1.012e+00 0.675 3.322e+07 -1.065e-22  1.631e-04  2.620e-02  9.736e-01  0.000e+00  0.000e+00  0.000e+00  0.000e+00  0.000e+00  0.000e+00  0.000e+00  0.000e+00  0.000e+00  0.000e+00 
 4.40   0.00     5.907e-04 -4.000  1.006e+00 0.677 3.194e+07 -1.079e-22  2.097e-04  3.129e-02  9.685e-01  0.000e+00  0.000e+00  0.000e+00  0.000e+00  0.000e+00  0.000e+00  0.000e+00  0.000e+00  0.000e+00  0.000e+00 
 4.39   0.00     5.907e-04 -4.000  9.987e-01 0.679 3.038e+07 -1.105e-22  2.806e-04  3.856e-02  9.612e-01  0.000e+00  0.000e+00  0.000e+00  0.000e+00  0.000e+00  0.000e+00  0.000e+00  0.000e+00  0.000e+00  0.000e+00 
 4.38   0.00     5.907e-04 -4.000  9.936e-01 0.681 2.906e+07 -1.126e-22  3.566e-04  4.571e-02  9.539e-01  0.000e+00  0.000e+00  0.000e+00  0.000e+00  0.000e+00  0.000e+00  0.000e+00  0.000e+00  0.000e+00  0.000e+00 
 4.37   0.00     5.907e-04 -4.000  9.887e-01 0.683 2.781e+07 -1.147e-22  4.494e-04  5.380e-02  9.458e-01  0.000e+00  0.000e+00  0.000e+00  0.000e+00  0.000e+00  0.000e+00  0.000e+00  0.000e+00  0.000e+00  0.000e+00 
 4.36   0.00     5.907e-04 -4.000  9.828e-01 0.684 2.640e+07 -1.177e-22  5.837e-04  6.480e-02  9.346e-01  0.000e+00  0.000e+00  0.000e+00  0.000e+00  0.000e+00  0.000e+00  0.000e+00  0.000e+00  0.000e+00  0.000e+00 
 4.35   0.00     5.907e-04 -4.000  9.750e-01 0.687 2.472e+07 -1.224e-22  7.934e-04  8.090e-02  9.183e-01  0.000e+00  0.000e+00  0.000e+00  0.000e+00  0.000e+00  0.000e+00  0.000e+00  0.000e+00  0.000e+00  0.000e+00 
 4.34   0.00     5.907e-04 -4.000  9.684e-01 0.690 2.344e+07 -1.258e-22  1.011e-03  9.615e-02  9.029e-01  0.000e+00  0.000e+00  0.000e+00  0.000e+00  0.000e+00  0.000e+00  0.000e+00  0.000e+00  0.000e+00  0.000e+00 
 4.33   0.00     5.907e-04 -4.000  9.614e-01 0.692 2.228e+07 -1.288e-22  1.274e-03  1.133e-01  8.855e-01  0.000e+00  0.000e+00  0.000e+00  0.000e+00  0.000e+00  0.000e+00  0.000e+00  0.000e+00  0.000e+00  0.000e+00 
 4.32   0.00     5.907e-04 -4.000  9.517e-01 0.695 2.102e+07 -1.329e-22  1.658e-03  1.366e-01  8.617e-01  0.000e+00  0.000e+00  0.000e+00  0.000e+00  0.000e+00  0.000e+00  0.000e+00  0.000e+00  0.000e+00  0.000e+00 
 4.31   0.00     5.907e-04 -4.000  9.378e-01 0.699 1.955e+07 -1.387e-22  2.260e-03  1.707e-01  8.271e-01  0.000e+00  0.000e+00  0.000e+00  0.000e+00  0.000e+00  0.000e+00  0.000e+00  0.000e+00  0.000e+00  0.000e+00 
 4.30   0.00     5.907e-04 -4.000  9.250e-01 0.704 1.853e+07 -1.420e-22  2.852e-03  2.013e-01  7.959e-01  0.000e+00  0.000e+00  0.000e+00  0.000e+00  0.000e+00  0.000e+00  0.000e+00  0.000e+00  0.000e+00  0.000e+00 
 4.29   0.00     5.907e-04 -4.000  9.107e-01 0.709 1.769e+07 -1.444e-22  3.550e-03  2.343e-01  7.621e-01  0.000e+00  0.000e+00  0.000e+00  0.000e+00  0.000e+00  0.000e+00  0.000e+00  0.000e+00  0.000e+00  0.000e+00 
 4.28   0.00     5.907e-04 -4.000  8.908e-01 0.716 1.680e+07 -1.471e-22  4.545e-03  2.783e-01  7.172e-01  0.000e+00  0.000e+00  0.000e+00  0.000e+00  0.000e+00  0.000e+00  0.000e+00  0.000e+00  0.000e+00  0.000e+00 
 4.27   0.00     5.907e-04 -4.000  8.610e-01 0.727 1.584e+07 -1.503e-22  6.046e-03  3.396e-01  6.544e-01  0.000e+00  0.000e+00  0.000e+00  0.000e+00  0.000e+00  0.000e+00  0.000e+00  0.000e+00  0.000e+00  0.000e+00 
 4.26   0.00     5.907e-04 -4.000  8.344e-01 0.737 1.530e+07 -1.499e-22  7.401e-03  3.893e-01  6.033e-01  0.000e+00  0.000e+00  0.000e+00  0.000e+00  0.000e+00  0.000e+00  0.000e+00  0.000e+00  0.000e+00  0.000e+00 
 4.25   0.00     5.907e-04 -4.000  8.051e-01 0.749 1.496e+07 -1.475e-22  8.897e-03  4.390e-01  5.521e-01  0.000e+00  0.000e+00  0.000e+00  0.000e+00  0.000e+00  0.000e+00  0.000e+00  0.000e+00  0.000e+00  0.000e+00 
 4.24   0.00     5.907e-04 -4.000  7.650e-01 0.765 1.474e+07 -1.432e-22  1.090e-02  5.002e-01  4.890e-01  0.000e+00  0.000e+00  0.000e+00  0.000e+00  0.000e+00  0.000e+00  0.000e+00  0.000e+00  0.000e+00  0.000e+00 
 4.23   0.00     5.907e-04 -4.000  7.071e-01 0.789 1.472e+07 -1.359e-22  1.367e-02  5.770e-01  4.093e-01  0.000e+00  0.000e+00  0.000e+00  0.000e+00  0.000e+00  0.000e+00  0.000e+00  0.000e+00  0.000e+00  0.000e+00 
 4.22   0.00     5.907e-04 -4.000  6.597e-01 0.810 1.503e+07 -1.266e-22  1.586e-02  6.302e-01  3.540e-01  0.000e+00  0.000e+00  0.000e+00  0.000e+00  0.000e+00  0.000e+00  0.000e+00  0.000e+00  0.000e+00  0.000e+00 
 4.21   0.00     5.907e-04 -4.000  6.107e-01 0.834 1.566e+07 -1.154e-22  1.809e-02  6.775e-01  3.045e-01  0.000e+00  0.000e+00  0.000e+00  0.000e+00  0.000e+00  0.000e+00  0.000e+00  0.000e+00  0.000e+00  0.000e+00 
 4.20   0.00     5.907e-04 -4.000  5.482e-01 0.865 1.685e+07 -1.010e-22  2.084e-02  7.296e-01  2.496e-01  0.000e+00  0.000e+00  0.000e+00  0.000e+00  0.000e+00  0.000e+00  0.000e+00  0.000e+00  0.000e+00  0.000e+00 
 4.19   0.00     5.907e-04 -4.000  4.658e-01 0.910 1.917e+07 -8.246e-23  2.429e-02  7.869e-01  1.888e-01  0.000e+00  0.000e+00  0.000e+00  0.000e+00  0.000e+00  0.000e+00  0.000e+00  0.000e+00  0.000e+00  0.000e+00 
 4.18   0.00     5.907e-04 -4.000  4.083e-01 0.945 2.174e+07 -6.846e-23  2.669e-02  8.200e-01  1.534e-01  0.000e+00  0.000e+00  0.000e+00  0.000e+00  0.000e+00  0.000e+00  0.000e+00  0.000e+00  0.000e+00  0.000e+00 
 4.17   0.00     5.907e-04 -4.000  3.552e-01 0.979 2.526e+07 -5.554e-23  2.898e-02  8.464e-01  1.246e-01  0.000e+00  0.000e+00  0.000e+00  0.000e+00  0.000e+00  0.000e+00  0.000e+00  0.000e+00  0.000e+00  0.000e+00 
 4.16   0.00     5.907e-04 -4.000  2.942e-01 1.023 3.129e+07 -4.198e-23  3.167e-02  8.727e-01  9.561e-02  0.000e+00  0.000e+00  0.000e+00  0.000e+00  0.000e+00  0.000e+00  0.000e+00  0.000e+00  0.000e+00  0.000e+00 
 4.15   0.00     5.907e-04 -4.000  2.235e-01 1.077 4.330e+07 -2.816e-23  3.490e-02  8.988e-01  6.625e-02  0.000e+00  0.000e+00  0.000e+00  0.000e+00  0.000e+00  0.000e+00  0.000e+00  0.000e+00  0.000e+00  0.000e+00 
 4.14   0.00     5.907e-04 -4.000  1.835e-01 1.111 5.566e+07 -2.075e-23  3.690e-02  9.116e-01  5.157e-02  0.000e+00  0.000e+00  0.000e+00  0.000e+00  0.000e+00  0.000e+00  0.000e+00  0.000e+00  0.000e+00  0.000e+00 
 4.13   0.00     5.907e-04 -4.000  1.501e-01 1.140 7.288e+07 -1.509e-23  3.877e-02  9.210e-01  4.027e-02  0.000e+00  0.000e+00  0.000e+00  0.000e+00  0.000e+00  0.000e+00  0.000e+00  0.000e+00  0.000e+00  0.000e+00 
 4.12   0.00     5.907e-04 -4.000  1.153e-01 1.173 1.043e+08 -1.001e-23  4.096e-02  9.297e-01  2.937e-02  0.000e+00  0.000e+00  0.000e+00  0.000e+00  0.000e+00  0.000e+00  0.000e+00  0.000e+00  0.000e+00  0.000e+00 
 4.11   0.00     5.907e-04 -4.000  7.860e-02 1.209 1.753e+08 -5.662e-24  4.356e-02  9.376e-01  1.884e-02  0.000e+00  0.000e+00  0.000e+00  0.000e+00  0.000e+00  0.000e+00  0.000e+00  0.000e+00  0.000e+00  0.000e+00 
 4.10   0.00     5.907e-04 -4.000  6.176e-02 1.227 2.457e+08 -3.883e-24  4.492e-02  9.408e-01  1.426e-02  0.000e+00  0.000e+00  0.000e+00  0.000e+00  0.000e+00  0.000e+00  0.000e+00  0.000e+00  0.000e+00  0.000e+00 
 4.09   0.00     5.907e-04 -4.000  4.831e-02 1.242 3.492e+08 -2.638e-24  4.619e-02  9.430e-01  1.076e-02  0.000e+00  0.000e+00  0.000e+00  0.000e+00  0.000e+00  0.000e+00  0.000e+00  0.000e+00  0.000e+00  0.000e+00 
 4.08   0.00     5.907e-04 -4.000  3.503e-02 1.256 5.513e+08 -1.614e-24  4.767e-02  9.449e-01  7.488e-03  0.000e+00  0.000e+00  0.000e+00  0.000e+00  0.000e+00  0.000e+00  0.000e+00  0.000e+00  0.000e+00  0.000e+00 
 4.07   0.00     5.907e-04 -4.000  2.178e-02 1.270 1.064e+09 -8.108e-25  4.943e-02  9.461e-01  4.431e-03  0.000e+00  0.000e+00  0.000e+00  0.000e+00  0.000e+00  0.000e+00  0.000e+00  0.000e+00  0.000e+00  0.000e+00 
 4.06   0.00     5.907e-04 -4.000  1.548e-02 1.278 1.661e+09 -5.026e-25  5.151e-02  9.454e-01  3.031e-03  0.000e+00  0.000e+00  0.000e+00  0.000e+00  0.000e+00  0.000e+00  0.000e+00  0.000e+00  0.000e+00  0.000e+00 
 4.05   0.00     5.907e-04 -4.000  1.034e-02 1.284 2.795e+09 -2.905e-25  5.411e-02  9.440e-01  1.941e-03  0.000e+00  0.000e+00  0.000e+00  0.000e+00  0.000e+00  0.000e+00  0.000e+00  0.000e+00  0.000e+00  0.000e+00 
 4.04   0.00     5.907e-04 -4.000  5.706e-03 1.289 5.935e+09 -1.345e-25  5.765e-02  9.413e-01  1.015e-03  0.000e+00  0.000e+00  0.000e+00  0.000e+00  0.000e+00  0.000e+00  0.000e+00  0.000e+00  0.000e+00  0.000e+00 
 4.03   0.00     5.907e-04 -4.000  2.013e-03 1.293 2.170e+10 -3.735e-26  6.372e-02  9.360e-01  3.289e-04  0.000e+00  0.000e+00  0.000e+00  0.000e+00  0.000e+00  0.000e+00  0.000e+00  0.000e+00  0.000e+00  0.000e+00 
 4.02   0.00     5.907e-04 -4.000  6.954e-04 1.295 6.893e+10 -1.118e-26  6.798e-02  9.319e-01  1.006e-04  0.000e+00  0.000e+00  0.000e+00  0.000e+00  0.000e+00  0.000e+00  0.000e+00  0.000e+00  0.000e+00  0.000e+00 
 4.01   0.00     5.907e-04 -4.000  3.792e-04 1.295 1.400e+11 -5.372e-27  7.424e-02  9.257e-01  4.663e-05  0.000e+00  0.000e+00  0.000e+00  0.000e+00  0.000e+00  0.000e+00  0.000e+00  0.000e+00  0.000e+00  0.000e+00 
 4.00   0.00     5.907e-04 -4.000  2.298e-04 1.295 2.574e+11 -2.794e-27  8.580e-02  9.142e-01  2.203e-05  0.000e+00  0.000e+00  0.000e+00  0.000e+00  0.000e+00  0.000e+00  0.000e+00  0.000e+00  0.000e+00  0.000e+00 
 3.99   0.00     5.907e-04 -4.000  1.515e-04 1.296 4.539e+11 -1.545e-27  1.091e-01  8.909e-01  9.860e-06  0.000e+00  0.000e+00  0.000e+00  0.000e+00  0.000e+00  0.000e+00  0.000e+00  0.000e+00  0.000e+00  0.000e+00 
 3.98   0.00     5.907e-04 -4.000  9.801e-05 1.296 7.586e+11 -8.999e-28  1.800e-01  8.200e-01  2.534e-06  0.000e+00  0.000e+00  0.000e+00  0.000e+00  0.000e+00  0.000e+00  0.000e+00  0.000e+00  0.000e+00  0.000e+00 
 3.97   0.00     5.907e-04 -4.000  5.920e-05 1.296 1.411e+12 -4.680e-28  5.446e-01  4.554e-01  0.000e+00  0.000e+00  0.000e+00  0.000e+00  0.000e+00  0.000e+00  0.000e+00  0.000e+00  0.000e+00  0.000e+00  0.000e+00 
 3.96   0.00     5.907e-04 -4.000  4.875e-05 1.296 2.017e+12 -3.242e-28  7.195e-01  2.805e-01  0.000e+00  0.000e+00  0.000e+00  0.000e+00  0.000e+00  0.000e+00  0.000e+00  0.000e+00  0.000e+00  0.000e+00  0.000e+00 
 3.95   0.00     5.907e-04 -4.000  3.853e-05 1.296 3.048e+12 -2.097e-28  8.516e-01  1.484e-01  0.000e+00  0.000e+00  0.000e+00  0.000e+00  0.000e+00  0.000e+00  0.000e+00  0.000e+00  0.000e+00  0.000e+00  0.000e+00 
 3.94   0.00     5.907e-04 -4.000  3.096e-05 1.296 4.257e+12 -1.467e-28  9.256e-01  7.438e-02  0.000e+00  0.000e+00  0.000e+00  0.000e+00  0.000e+00  0.000e+00  0.000e+00  0.000e+00  0.000e+00  0.000e+00  0.000e+00 
 3.93   0.00     5.907e-04 -4.000  2.538e-05 1.296 5.800e+12 -1.052e-28  9.635e-01  3.641e-02  0.000e+00  0.000e+00  0.000e+00  0.000e+00  0.000e+00  0.000e+00  0.000e+00  0.000e+00  0.000e+00  0.000e+00  0.000e+00 
 3.92   0.00     5.907e-04 -4.000  2.111e-05 1.296 7.812e+12 -7.635e-29  9.825e-01  1.755e-02  0.000e+00  0.000e+00  0.000e+00  0.000e+00  0.000e+00  0.000e+00  0.000e+00  0.000e+00  0.000e+00  0.000e+00  0.000e+00 
 3.91   0.00     5.907e-04 -4.000  1.769e-05 1.296 1.050e+13 -5.555e-29  9.917e-01  8.353e-03  0.000e+00  0.000e+00  0.000e+00  0.000e+00  0.000e+00  0.000e+00  0.000e+00  0.000e+00  0.000e+00  0.000e+00  0.000e+00 
 3.90   0.00     5.907e-04 -4.000  1.491e-05 1.296 1.342e+13 -4.246e-29  9.960e-01  3.978e-03  0.000e+00  0.000e+00  0.000e+00  0.000e+00  0.000e+00  0.000e+00  0.000e+00  0.000e+00  0.000e+00  0.000e+00  0.000e+00 
 3.89   0.00     5.907e-04 -4.000  1.261e-05 1.296 1.704e+13 -3.267e-29  9.981e-01  1.927e-03  0.000e+00  0.000e+00  0.000e+00  0.000e+00  0.000e+00  0.000e+00  0.000e+00  0.000e+00  0.000e+00  0.000e+00  0.000e+00 
