#log[T] redshift massfrac  log[nh] ne/nh     mu    tcool     Lambdanet   ionf[ 1]   ionf[ 2]   ionf[ 3]   ionf[ 4]   ionf[ 5]   ionf[ 6]   ionf[ 7]   ionf[ 8]   
 7.00   0.00     8.356e-04 -4.000  1.209e+00 0.618 4.728e+10 -3.181e-23  0.000e+00  0.000e+00  0.000e+00  0.000e+00  1.500e-08  3.831e-05  5.492e-03  9.945e-01 
 6.99   0.00     8.356e-04 -4.000  1.209e+00 0.618 4.622e+10 -3.180e-23  0.000e+00  0.000e+00  0.000e+00  0.000e+00  1.682e-08  4.173e-05  5.734e-03  9.943e-01 
 6.98   0.00     8.356e-04 -4.000  1.209e+00 0.618 4.522e+10 -3.177e-23  0.000e+00  0.000e+00  0.000e+00  0.000e+00  1.886e-08  4.546e-05  5.986e-03  9.939e-01 
 6.97   0.00     8.356e-04 -4.000  1.209e+00 0.618 4.427e+10 -3.172e-23  0.000e+00  0.000e+00  0.000e+00  0.000e+00  2.117e-08  4.956e-05  6.253e-03  9.937e-01 
 6.96   0.00     8.356e-04 -4.000  1.209e+00 0.618 4.338e+10 -3.162e-23  0.000e+00  0.000e+00  0.000e+00  0.000e+00  2.381e-08  5.412e-05  6.539e-03  9.934e-01 
 6.95   0.00     8.356e-04 -4.000  1.209e+00 0.618 4.251e+10 -3.153e-23  0.000e+00  0.000e+00  0.000e+00  0.000e+00  2.677e-08  5.912e-05  6.839e-03  9.931e-01 
 6.94   0.00     8.356e-04 -4.000  1.209e+00 0.618 4.169e+10 -3.142e-23  0.000e+00  0.000e+00  0.000e+00  0.000e+00  3.009e-08  6.459e-05  7.153e-03  9.928e-01 
 6.93   0.00     8.356e-04 -4.000  1.209e+00 0.618 4.091e+10 -3.130e-23  0.000e+00  0.000e+00  0.000e+00  0.000e+00  3.385e-08  7.062e-05  7.487e-03  9.924e-01 
 6.92   0.00     8.356e-04 -4.000  1.209e+00 0.618 4.016e+10 -3.115e-23  0.000e+00  0.000e+00  0.000e+00  0.000e+00  3.815e-08  7.733e-05  7.845e-03  9.921e-01 
 6.91   0.00     8.356e-04 -4.000  1.209e+00 0.618 3.943e+10 -3.100e-23  0.000e+00  0.000e+00  0.000e+00  0.000e+00  4.299e-08  8.472e-05  8.221e-03  9.917e-01 
 6.90   0.00     8.356e-04 -4.000  1.209e+00 0.618 3.874e+10 -3.084e-23  0.000e+00  0.000e+00  0.000e+00  0.000e+00  4.845e-08  9.285e-05  8.616e-03  9.913e-01 
 6.89   0.00     8.356e-04 -4.000  1.209e+00 0.618 3.805e+10 -3.068e-23  0.000e+00  0.000e+00  0.000e+00  0.000e+00  5.465e-08  1.019e-04  9.038e-03  9.909e-01 
 6.88   0.00     8.356e-04 -4.000  1.209e+00 0.618 3.740e+10 -3.051e-23  0.000e+00  0.000e+00  0.000e+00  0.000e+00  6.170e-08  1.118e-04  9.488e-03  9.904e-01 
 6.87   0.00     8.356e-04 -4.000  1.209e+00 0.618 3.675e+10 -3.034e-23  0.000e+00  0.000e+00  0.000e+00  0.000e+00  6.970e-08  1.229e-04  9.964e-03  9.899e-01 
 6.86   0.00     8.356e-04 -4.000  1.209e+00 0.618 3.612e+10 -3.017e-23  0.000e+00  0.000e+00  0.000e+00  0.000e+00  7.876e-08  1.351e-04  1.047e-02  9.894e-01 
 6.85   0.00     8.356e-04 -4.000  1.209e+00 0.618 3.549e+10 -3.001e-23  0.000e+00  0.000e+00  0.000e+00  0.000e+00  8.906e-08  1.487e-04  1.100e-02  9.888e-01 
 6.84   0.00     8.356e-04 -4.000  1.209e+00 0.618 3.487e+10 -2.985e-23  0.000e+00  0.000e+00  0.000e+00  0.000e+00  1.008e-07  1.637e-04  1.158e-02  9.883e-01 
 6.83   0.00     8.356e-04 -4.000  1.209e+00 0.618 3.425e+10 -2.969e-23  0.000e+00  0.000e+00  0.000e+00  0.000e+00  1.142e-07  1.805e-04  1.219e-02  9.877e-01 
 6.82   0.00     8.356e-04 -4.000  1.209e+00 0.618 3.363e+10 -2.955e-23  0.000e+00  0.000e+00  0.000e+00  0.000e+00  1.293e-07  1.992e-04  1.284e-02  9.870e-01 
 6.81   0.00     8.356e-04 -4.000  1.209e+00 0.618 3.302e+10 -2.941e-23  0.000e+00  0.000e+00  0.000e+00  0.000e+00  1.466e-07  2.200e-04  1.353e-02  9.863e-01 
 6.80   0.00     8.356e-04 -4.000  1.209e+00 0.618 3.240e+10 -2.930e-23  0.000e+00  0.000e+00  0.000e+00  0.000e+00  1.663e-07  2.430e-04  1.426e-02  9.855e-01 
 6.79   0.00     8.356e-04 -4.000  1.209e+00 0.618 3.178e+10 -2.919e-23  0.000e+00  0.000e+00  0.000e+00  0.000e+00  1.888e-07  2.689e-04  1.505e-02  9.847e-01 
 6.78   0.00     8.356e-04 -4.000  1.209e+00 0.618 3.115e+10 -2.910e-23  0.000e+00  0.000e+00  0.000e+00  0.000e+00  2.146e-07  2.978e-04  1.588e-02  9.838e-01 
 6.77   0.00     8.356e-04 -4.000  1.209e+00 0.618 3.051e+10 -2.903e-23  0.000e+00  0.000e+00  0.000e+00  0.000e+00  2.440e-07  3.302e-04  1.679e-02  9.829e-01 
 6.76   0.00     8.356e-04 -4.000  1.209e+00 0.618 2.988e+10 -2.896e-23  0.000e+00  0.000e+00  0.000e+00  0.000e+00  2.773e-07  3.659e-04  1.774e-02  9.819e-01 
 6.75   0.00     8.356e-04 -4.000  1.209e+00 0.618 2.924e+10 -2.892e-23  0.000e+00  0.000e+00  0.000e+00  0.000e+00  3.156e-07  4.062e-04  1.877e-02  9.808e-01 
 6.74   0.00     8.356e-04 -4.000  1.209e+00 0.618 2.860e+10 -2.890e-23  0.000e+00  0.000e+00  0.000e+00  0.000e+00  3.599e-07  4.520e-04  1.988e-02  9.797e-01 
 6.73   0.00     8.356e-04 -4.000  1.209e+00 0.618 2.795e+10 -2.890e-23  0.000e+00  0.000e+00  0.000e+00  0.000e+00  4.104e-07  5.030e-04  2.106e-02  9.784e-01 
 6.72   0.00     8.356e-04 -4.000  1.209e+00 0.618 2.731e+10 -2.890e-23  0.000e+00  0.000e+00  0.000e+00  0.000e+00  4.675e-07  5.594e-04  2.232e-02  9.771e-01 
 6.71   0.00     8.356e-04 -4.000  1.209e+00 0.618 2.666e+10 -2.894e-23  0.000e+00  0.000e+00  0.000e+00  0.000e+00  5.336e-07  6.235e-04  2.367e-02  9.757e-01 
 6.70   0.00     8.356e-04 -4.000  1.209e+00 0.618 2.599e+10 -2.900e-23  0.000e+00  0.000e+00  0.000e+00  0.000e+00  6.106e-07  6.968e-04  2.515e-02  9.742e-01 
 6.69   0.00     8.356e-04 -4.000  1.209e+00 0.618 2.534e+10 -2.907e-23  0.000e+00  0.000e+00  0.000e+00  1.155e-10  6.983e-07  7.786e-04  2.671e-02  9.725e-01 
 6.68   0.00     8.356e-04 -4.000  1.209e+00 0.618 2.468e+10 -2.916e-23  0.000e+00  0.000e+00  0.000e+00  1.360e-10  7.973e-07  8.691e-04  2.839e-02  9.708e-01 
 6.67   0.00     8.356e-04 -4.000  1.209e+00 0.618 2.403e+10 -2.928e-23  0.000e+00  0.000e+00  0.000e+00  1.605e-10  9.128e-07  9.728e-04  3.020e-02  9.689e-01 
 6.66   0.00     8.356e-04 -4.000  1.208e+00 0.618 2.335e+10 -2.944e-23  0.000e+00  0.000e+00  0.000e+00  1.898e-10  1.048e-06  1.092e-03  3.218e-02  9.667e-01 
 6.65   0.00     8.356e-04 -4.000  1.208e+00 0.618 2.268e+10 -2.962e-23  0.000e+00  0.000e+00  0.000e+00  2.244e-10  1.202e-06  1.225e-03  3.429e-02  9.645e-01 
 6.64   0.00     8.356e-04 -4.000  1.208e+00 0.618 2.201e+10 -2.983e-23  0.000e+00  0.000e+00  0.000e+00  2.649e-10  1.376e-06  1.373e-03  3.653e-02  9.621e-01 
 6.63   0.00     8.356e-04 -4.000  1.208e+00 0.618 2.132e+10 -3.009e-23  0.000e+00  0.000e+00  0.000e+00  3.138e-10  1.580e-06  1.543e-03  3.897e-02  9.595e-01 
 6.62   0.00     8.356e-04 -4.000  1.208e+00 0.618 2.062e+10 -3.041e-23  0.000e+00  0.000e+00  0.000e+00  3.727e-10  1.821e-06  1.742e-03  4.166e-02  9.566e-01 
 6.61   0.00     8.356e-04 -4.000  1.208e+00 0.618 1.992e+10 -3.076e-23  0.000e+00  0.000e+00  0.000e+00  4.422e-10  2.095e-06  1.963e-03  4.453e-02  9.535e-01 
 6.60   0.00     8.356e-04 -4.000  1.208e+00 0.618 1.922e+10 -3.115e-23  0.000e+00  0.000e+00  0.000e+00  5.237e-10  2.403e-06  2.208e-03  4.757e-02  9.502e-01 
 6.59   0.00     8.356e-04 -4.000  1.208e+00 0.618 1.851e+10 -3.161e-23  0.000e+00  0.000e+00  0.000e+00  6.223e-10  2.768e-06  2.493e-03  5.091e-02  9.466e-01 
 6.58   0.00     8.356e-04 -4.000  1.208e+00 0.618 1.779e+10 -3.216e-23  0.000e+00  0.000e+00  0.000e+00  7.423e-10  3.202e-06  2.828e-03  5.459e-02  9.426e-01 
 6.57   0.00     8.356e-04 -4.000  1.208e+00 0.618 1.706e+10 -3.275e-23  0.000e+00  0.000e+00  0.000e+00  8.839e-10  3.695e-06  3.201e-03  5.851e-02  9.382e-01 
 6.56   0.00     8.356e-04 -4.000  1.208e+00 0.618 1.635e+10 -3.340e-23  0.000e+00  0.000e+00  0.000e+00  1.049e-09  4.247e-06  3.614e-03  6.267e-02  9.337e-01 
 6.55   0.00     8.356e-04 -4.000  1.208e+00 0.618 1.563e+10 -3.415e-23  0.000e+00  0.000e+00  0.000e+00  1.252e-09  4.907e-06  4.100e-03  6.725e-02  9.286e-01 
 6.54   0.00     8.356e-04 -4.000  1.208e+00 0.618 1.489e+10 -3.500e-23  0.000e+00  0.000e+00  0.000e+00  1.500e-09  5.697e-06  4.674e-03  7.234e-02  9.230e-01 
 6.53   0.00     8.356e-04 -4.000  1.208e+00 0.618 1.419e+10 -3.592e-23  0.000e+00  0.000e+00  0.000e+00  1.793e-09  6.589e-06  5.313e-03  7.774e-02  9.170e-01 
 6.52   0.00     8.356e-04 -4.000  1.208e+00 0.618 1.350e+10 -3.689e-23  0.000e+00  0.000e+00  0.000e+00  2.134e-09  7.590e-06  6.022e-03  8.344e-02  9.106e-01 
 6.51   0.00     8.356e-04 -4.000  1.208e+00 0.618 1.282e+10 -3.798e-23  0.000e+00  0.000e+00  0.000e+00  2.555e-09  8.790e-06  6.860e-03  8.976e-02  9.034e-01 
 6.50   0.00     8.356e-04 -4.000  1.208e+00 0.618 1.214e+10 -3.919e-23  0.000e+00  0.000e+00  0.000e+00  3.075e-09  1.025e-05  7.863e-03  9.681e-02  8.953e-01 
 6.49   0.00     8.356e-04 -4.000  1.208e+00 0.618 1.149e+10 -4.045e-23  0.000e+00  0.000e+00  0.000e+00  3.683e-09  1.186e-05  8.971e-03  1.042e-01  8.868e-01 
 6.48   0.00     8.356e-04 -4.000  1.208e+00 0.618 1.088e+10 -4.173e-23  0.000e+00  0.000e+00  0.000e+00  4.397e-09  1.369e-05  1.020e-02  1.121e-01  8.778e-01 
 6.47   0.00     8.356e-04 -4.000  1.208e+00 0.618 1.029e+10 -4.315e-23  0.000e+00  0.000e+00  0.000e+00  5.277e-09  1.589e-05  1.167e-02  1.207e-01  8.676e-01 
 6.46   0.00     8.356e-04 -4.000  1.208e+00 0.618 9.707e+09 -4.467e-23  0.000e+00  0.000e+00  0.000e+00  6.376e-09  1.857e-05  1.343e-02  1.304e-01  8.561e-01 
 6.45   0.00     8.356e-04 -4.000  1.208e+00 0.618 9.167e+09 -4.623e-23  0.000e+00  0.000e+00  0.000e+00  7.652e-09  2.153e-05  1.536e-02  1.405e-01  8.441e-01 
 6.44   0.00     8.356e-04 -4.000  1.208e+00 0.618 8.659e+09 -4.783e-23  0.000e+00  0.000e+00  0.000e+00  9.146e-09  2.484e-05  1.751e-02  1.510e-01  8.314e-01 
 6.43   0.00     8.356e-04 -4.000  1.208e+00 0.618 8.167e+09 -4.955e-23  0.000e+00  0.000e+00  0.000e+00  1.099e-08  2.884e-05  2.008e-02  1.627e-01  8.172e-01 
 6.42   0.00     8.356e-04 -4.000  1.208e+00 0.618 7.690e+09 -5.144e-23  0.000e+00  0.000e+00  0.000e+00  1.332e-08  3.377e-05  2.321e-02  1.759e-01  8.008e-01 
 6.41   0.00     8.356e-04 -4.000  1.208e+00 0.618 7.251e+09 -5.330e-23  0.000e+00  0.000e+00  0.000e+00  1.599e-08  3.911e-05  2.658e-02  1.892e-01  7.842e-01 
 6.40   0.00     8.356e-04 -4.000  1.208e+00 0.618 6.841e+09 -5.520e-23  0.000e+00  0.000e+00  0.000e+00  1.910e-08  4.504e-05  3.029e-02  2.030e-01  7.667e-01 
 6.39   0.00     8.356e-04 -4.000  1.208e+00 0.618 6.444e+09 -5.728e-23  0.000e+00  0.000e+00  0.000e+00  2.298e-08  5.224e-05  3.476e-02  2.182e-01  7.470e-01 
 6.38   0.00     8.356e-04 -4.000  1.208e+00 0.618 6.057e+09 -5.955e-23  0.000e+00  0.000e+00  0.000e+00  2.783e-08  6.112e-05  4.023e-02  2.352e-01  7.245e-01 
 6.37   0.00     8.356e-04 -4.000  1.208e+00 0.618 5.693e+09 -6.191e-23  0.000e+00  0.000e+00  0.000e+00  3.334e-08  7.053e-05  4.600e-02  2.519e-01  7.020e-01 
 6.36   0.00     8.356e-04 -4.000  1.208e+00 0.618 5.347e+09 -6.442e-23  0.000e+00  0.000e+00  0.000e+00  3.971e-08  8.087e-05  5.231e-02  2.688e-01  6.787e-01 
 6.35   0.00     8.356e-04 -4.000  1.208e+00 0.618 5.011e+09 -6.717e-23  0.000e+00  0.000e+00  0.000e+00  4.760e-08  9.338e-05  5.989e-02  2.873e-01  6.527e-01 
 6.34   0.00     8.356e-04 -4.000  1.208e+00 0.618 4.686e+09 -7.019e-23  0.000e+00  0.000e+00  0.000e+00  5.749e-08  1.087e-04  6.913e-02  3.073e-01  6.234e-01 
 6.33   0.00     8.356e-04 -4.000  1.208e+00 0.618 4.389e+09 -7.323e-23  0.000e+00  0.000e+00  0.000e+00  6.845e-08  1.245e-04  7.865e-02  3.263e-01  5.949e-01 
 6.32   0.00     8.356e-04 -4.000  1.208e+00 0.618 4.113e+09 -7.637e-23  0.000e+00  0.000e+00  0.000e+00  8.099e-08  1.417e-04  8.890e-02  3.449e-01  5.660e-01 
 6.31   0.00     8.356e-04 -4.000  1.208e+00 0.618 3.849e+09 -7.974e-23  0.000e+00  0.000e+00  0.000e+00  9.637e-08  1.622e-04  1.011e-01  3.645e-01  5.342e-01 
 6.30   0.00     8.356e-04 -4.000  1.207e+00 0.618 3.599e+09 -8.336e-23  0.000e+00  0.000e+00  0.000e+00  1.155e-07  1.870e-04  1.158e-01  3.850e-01  4.990e-01 
 6.29   0.00     8.356e-04 -4.000  1.207e+00 0.618 3.372e+09 -8.695e-23  0.000e+00  0.000e+00  0.000e+00  1.361e-07  2.117e-04  1.305e-01  4.031e-01  4.662e-01 
 6.28   0.00     8.356e-04 -4.000  1.207e+00 0.618 3.162e+09 -9.059e-23  0.000e+00  0.000e+00  0.000e+00  1.594e-07  2.379e-04  1.460e-01  4.198e-01  4.339e-01 
 6.27   0.00     8.356e-04 -4.000  1.207e+00 0.618 2.966e+09 -9.437e-23  0.000e+00  0.000e+00  0.000e+00  1.874e-07  2.687e-04  1.643e-01  4.362e-01  3.993e-01 
 6.26   0.00     8.356e-04 -4.000  1.207e+00 0.618 2.784e+09 -9.829e-23  0.000e+00  0.000e+00  0.000e+00  2.215e-07  3.053e-04  1.858e-01  4.518e-01  3.621e-01 
 6.25   0.00     8.356e-04 -4.000  1.207e+00 0.618 2.623e+09 -1.020e-22  0.000e+00  0.000e+00  0.000e+00  2.575e-07  3.403e-04  2.064e-01  4.639e-01  3.293e-01 
 6.24   0.00     8.356e-04 -4.000  1.207e+00 0.618 2.477e+09 -1.055e-22  0.000e+00  0.000e+00  0.000e+00  2.971e-07  3.762e-04  2.277e-01  4.736e-01  2.982e-01 
 6.23   0.00     8.356e-04 -4.000  1.207e+00 0.618 2.343e+09 -1.089e-22  0.000e+00  0.000e+00  1.097e-10  3.441e-07  4.176e-04  2.522e-01  4.814e-01  2.660e-01 
 6.22   0.00     8.356e-04 -4.000  1.207e+00 0.618 2.218e+09 -1.125e-22  0.000e+00  0.000e+00  1.326e-10  4.001e-07  4.660e-04  2.807e-01  4.864e-01  2.326e-01 
 6.21   0.00     8.356e-04 -4.000  1.207e+00 0.618 2.109e+09 -1.156e-22  0.000e+00  0.000e+00  1.579e-10  4.574e-07  5.096e-04  3.066e-01  4.879e-01  2.050e-01 
 6.20   0.00     8.356e-04 -4.000  1.207e+00 0.618 2.010e+09 -1.185e-22  0.000e+00  0.000e+00  1.869e-10  5.195e-07  5.536e-04  3.327e-01  4.868e-01  1.799e-01 
 6.19   0.00     8.356e-04 -4.000  1.207e+00 0.618 1.917e+09 -1.214e-22  0.000e+00  0.000e+00  2.216e-10  5.916e-07  6.034e-04  3.623e-01  4.822e-01  1.548e-01 
 6.18   0.00     8.356e-04 -4.000  1.207e+00 0.618 1.832e+09 -1.243e-22  0.000e+00  0.000e+00  2.635e-10  6.762e-07  6.604e-04  3.962e-01  4.734e-01  1.297e-01 
 6.17   0.00     8.356e-04 -4.000  1.207e+00 0.618 1.755e+09 -1.267e-22  0.000e+00  0.000e+00  3.090e-10  7.602e-07  7.091e-04  4.253e-01  4.634e-01  1.107e-01 
 6.16   0.00     8.356e-04 -4.000  1.207e+00 0.618 1.684e+09 -1.290e-22  0.000e+00  0.000e+00  3.605e-10  8.504e-07  7.573e-04  4.542e-01  4.511e-01  9.398e-02 
 6.15   0.00     8.356e-04 -4.000  1.207e+00 0.618 1.617e+09 -1.313e-22  0.000e+00  0.000e+00  4.213e-10  9.534e-07  8.109e-04  4.863e-01  4.351e-01  7.786e-02 
 6.14   0.00     8.356e-04 -4.000  1.207e+00 0.618 1.553e+09 -1.336e-22  0.000e+00  0.000e+00  4.934e-10  1.072e-06  8.717e-04  5.227e-01  4.141e-01  6.227e-02 
 6.13   0.00     8.356e-04 -4.000  1.207e+00 0.618 1.495e+09 -1.356e-22  0.000e+00  0.000e+00  5.711e-10  1.188e-06  9.209e-04  5.522e-01  3.955e-01  5.141e-02 
 6.12   0.00     8.356e-04 -4.000  1.207e+00 0.618 1.441e+09 -1.375e-22  0.000e+00  0.000e+00  6.588e-10  1.314e-06  9.693e-04  5.812e-01  3.756e-01  4.220e-02 
 6.11   0.00     8.356e-04 -4.000  1.207e+00 0.618 1.389e+09 -1.395e-22  0.000e+00  0.000e+00  7.606e-10  1.453e-06  1.023e-03  6.129e-01  3.525e-01  3.360e-02 
 6.10   0.00     8.356e-04 -4.000  1.207e+00 0.618 1.337e+09 -1.415e-22  0.000e+00  0.000e+00  8.795e-10  1.612e-06  1.081e-03  6.483e-01  3.250e-01  2.560e-02 
 6.09   0.00     8.356e-04 -4.000  1.207e+00 0.618 1.291e+09 -1.432e-22  0.000e+00  0.000e+00  1.008e-09  1.768e-06  1.128e-03  6.756e-01  3.028e-01  2.042e-02 
 6.08   0.00     8.356e-04 -4.000  1.207e+00 0.618 1.247e+09 -1.449e-22  0.000e+00  0.000e+00  1.154e-09  1.935e-06  1.174e-03  7.019e-01  2.808e-01  1.620e-02 
 6.07   0.00     8.356e-04 -4.000  1.207e+00 0.618 1.204e+09 -1.467e-22  0.000e+00  0.000e+00  1.320e-09  2.120e-06  1.223e-03  7.302e-01  2.561e-01  1.238e-02 
 6.06   0.00     8.356e-04 -4.000  1.207e+00 0.618 1.162e+09 -1.485e-22  0.000e+00  0.000e+00  1.511e-09  2.325e-06  1.277e-03  7.611e-01  2.286e-01  8.958e-03 
 6.05   0.00     8.356e-04 -4.000  1.207e+00 0.618 1.125e+09 -1.499e-22  0.000e+00  0.000e+00  1.722e-09  2.532e-06  1.320e-03  7.839e-01  2.079e-01  6.903e-03 
 6.04   0.00     8.356e-04 -4.000  1.207e+00 0.618 1.089e+09 -1.513e-22  0.000e+00  0.000e+00  1.961e-09  2.754e-06  1.362e-03  8.053e-01  1.880e-01  5.286e-03 
 6.03   0.00     8.356e-04 -4.000  1.207e+00 0.618 1.055e+09 -1.527e-22  0.000e+00  0.000e+00  2.231e-09  2.997e-06  1.407e-03  8.279e-01  1.668e-01  3.868e-03 
 6.02   0.00     8.356e-04 -4.000  1.207e+00 0.618 1.022e+09 -1.540e-22  0.000e+00  0.000e+00  2.540e-09  3.265e-06  1.454e-03  8.519e-01  1.440e-01  2.654e-03 
 6.01   0.00     8.356e-04 -4.000  1.207e+00 0.618 9.928e+08 -1.549e-22  0.000e+00  0.000e+00  2.889e-09  3.544e-06  1.495e-03  8.687e-01  1.279e-01  1.974e-03 
 6.00   0.00     8.356e-04 -4.000  1.206e+00 0.618 9.660e+08 -1.556e-22  0.000e+00  0.000e+00  3.284e-09  3.846e-06  1.536e-03  8.841e-01  1.129e-01  1.459e-03 
 5.99   0.00     8.356e-04 -4.000  1.206e+00 0.618 9.403e+08 -1.562e-22  0.000e+00  0.000e+00  3.733e-09  4.175e-06  1.579e-03  9.000e-01  9.737e-02  1.022e-03 
 5.98   0.00     8.356e-04 -4.000  1.206e+00 0.618 9.160e+08 -1.567e-22  0.000e+00  0.000e+00  4.244e-09  4.536e-06  1.625e-03  9.164e-01  8.137e-02  6.631e-04 
 5.97   0.00     8.356e-04 -4.000  1.206e+00 0.618 8.950e+08 -1.567e-22  0.000e+00  0.000e+00  4.839e-09  4.930e-06  1.668e-03  9.272e-01  7.060e-02  4.764e-04 
 5.96   0.00     8.356e-04 -4.000  1.206e+00 0.618 8.754e+08 -1.565e-22  0.000e+00  0.000e+00  5.519e-09  5.361e-06  1.714e-03  9.370e-01  6.095e-02  3.398e-04 
 5.95   0.00     8.356e-04 -4.000  1.206e+00 0.618 8.568e+08 -1.563e-22  0.000e+00  0.000e+00  6.297e-09  5.834e-06  1.761e-03  9.468e-01  5.119e-02  2.276e-04 
 5.94   0.00     8.356e-04 -4.000  1.206e+00 0.618 8.389e+08 -1.561e-22  0.000e+00  0.000e+00  7.188e-09  6.353e-06  1.812e-03  9.567e-01  4.138e-02  1.393e-04 
 5.93   0.00     8.356e-04 -4.000  1.206e+00 0.618 8.229e+08 -1.554e-22  0.000e+00  0.000e+00  8.247e-09  6.942e-06  1.867e-03  9.628e-01  3.519e-02  9.685e-05 
 5.92   0.00     8.356e-04 -4.000  1.206e+00 0.618 8.074e+08 -1.548e-22  0.000e+00  0.000e+00  9.477e-09  7.595e-06  1.925e-03  9.683e-01  2.976e-02  6.677e-05 
 5.91   0.00     8.356e-04 -4.000  1.206e+00 0.618 7.918e+08 -1.543e-22  0.000e+00  0.000e+00  1.090e-08  8.320e-06  1.987e-03  9.736e-01  2.436e-02  4.277e-05 
 5.90   0.00     8.356e-04 -4.000  1.206e+00 0.618 7.758e+08 -1.538e-22  0.000e+00  0.000e+00  1.255e-08  9.128e-06  2.054e-03  9.788e-01  1.905e-02  2.453e-05 
 5.89   0.00     8.356e-04 -4.000  1.206e+00 0.618 7.606e+08 -1.534e-22  0.000e+00  0.000e+00  1.454e-08  1.006e-05  2.128e-03  9.819e-01  1.593e-02  1.658e-05 
 5.88   0.00     8.356e-04 -4.000  1.206e+00 0.618 7.447e+08 -1.530e-22  0.000e+00  0.000e+00  1.689e-08  1.111e-05  2.209e-03  9.845e-01  1.323e-02  1.106e-05 
 5.87   0.00     8.356e-04 -4.000  1.206e+00 0.618 7.276e+08 -1.531e-22  0.000e+00  0.000e+00  1.964e-08  1.229e-05  2.297e-03  9.871e-01  1.057e-02  6.773e-06 
 5.86   0.00     8.356e-04 -4.000  1.206e+00 0.618 7.088e+08 -1.536e-22  0.000e+00  0.000e+00  2.288e-08  1.362e-05  2.392e-03  9.896e-01  7.964e-03  3.603e-06 
 5.85   0.00     8.356e-04 -4.000  1.206e+00 0.618 6.904e+08 -1.541e-22  0.000e+00  0.000e+00  2.683e-08  1.518e-05  2.499e-03  9.909e-01  6.576e-03  2.384e-06 
 5.84   0.00     8.356e-04 -4.000  1.206e+00 0.618 6.707e+08 -1.550e-22  0.000e+00  0.000e+00  3.155e-08  1.694e-05  2.615e-03  9.920e-01  5.367e-03  1.542e-06 
 5.83   0.00     8.356e-04 -4.000  1.206e+00 0.618 6.492e+08 -1.565e-22  0.000e+00  0.000e+00  3.717e-08  1.895e-05  2.743e-03  9.930e-01  4.187e-03  9.007e-07 
 5.82   0.00     8.356e-04 -4.000  1.206e+00 0.618 6.256e+08 -1.587e-22  0.000e+00  0.000e+00  4.389e-08  2.126e-05  2.883e-03  9.940e-01  3.028e-03  4.375e-07 
 5.81   0.00     8.356e-04 -4.000  1.206e+00 0.618 6.038e+08 -1.606e-22  0.000e+00  0.000e+00  5.213e-08  2.394e-05  3.037e-03  9.945e-01  2.481e-03  2.859e-07 
 5.80   0.00     8.356e-04 -4.000  1.206e+00 0.618 5.814e+08 -1.631e-22  0.000e+00  0.000e+00  6.206e-08  2.703e-05  3.205e-03  9.948e-01  1.993e-03  1.795e-07 
 5.79   0.00     8.356e-04 -4.000  1.206e+00 0.618 5.580e+08 -1.660e-22  0.000e+00  0.000e+00  7.408e-08  3.060e-05  3.391e-03  9.951e-01  1.518e-03  9.977e-08 
 5.78   0.00     8.356e-04 -4.000  1.206e+00 0.618 5.340e+08 -1.695e-22  0.000e+00  0.000e+00  8.872e-08  3.475e-05  3.595e-03  9.953e-01  1.054e-03  4.427e-08 
 5.77   0.00     8.356e-04 -4.000  1.206e+00 0.618 5.139e+08 -1.721e-22  0.000e+00  0.000e+00  1.066e-07  3.954e-05  3.816e-03  9.953e-01  8.545e-04  2.838e-08 
 5.76   0.00     8.356e-04 -4.000  1.206e+00 0.618 4.945e+08 -1.749e-22  0.000e+00  0.000e+00  1.285e-07  4.512e-05  4.060e-03  9.952e-01  6.756e-04  1.728e-08 
 5.75   0.00     8.356e-04 -4.000  1.206e+00 0.618 4.753e+08 -1.777e-22  0.000e+00  0.000e+00  1.554e-07  5.167e-05  4.330e-03  9.951e-01  5.019e-04  9.114e-09 
 5.74   0.00     8.356e-04 -4.000  1.206e+00 0.618 4.571e+08 -1.806e-22  0.000e+00  1.126e-10  1.887e-07  5.939e-05  4.630e-03  9.950e-01  3.356e-04  3.708e-09 
 5.73   0.00     8.356e-04 -4.000  1.206e+00 0.618 4.422e+08 -1.824e-22  0.000e+00  1.438e-10  2.293e-07  6.823e-05  4.948e-03  9.947e-01  2.677e-04  2.303e-09 
 5.72   0.00     8.356e-04 -4.000  1.206e+00 0.618 4.282e+08 -1.841e-22  0.000e+00  1.841e-10  2.797e-07  7.864e-05  5.301e-03  9.944e-01  2.082e-04  1.357e-09 
 5.71   0.00     8.356e-04 -4.000  1.206e+00 0.618 4.148e+08 -1.858e-22  0.000e+00  2.369e-10  3.425e-07  9.103e-05  5.694e-03  9.941e-01  1.507e-04  6.766e-10 
 5.70   0.00     8.356e-04 -4.000  1.206e+00 0.618 4.020e+08 -1.873e-22  0.000e+00  3.061e-10  4.215e-07  1.058e-04  6.134e-03  9.937e-01  9.668e-05  2.506e-10 
 5.69   0.00     8.356e-04 -4.000  1.206e+00 0.618 3.913e+08 -1.881e-22  0.000e+00  3.951e-10  5.177e-07  1.227e-04  6.596e-03  9.932e-01  7.579e-05  1.501e-10 
 5.68   0.00     8.356e-04 -4.000  1.206e+00 0.618 3.809e+08 -1.887e-22  0.000e+00  5.122e-10  6.385e-07  1.428e-04  7.109e-03  9.926e-01  5.795e-05  0.000e+00 
 5.67   0.00     8.356e-04 -4.000  1.206e+00 0.618 3.706e+08 -1.896e-22  0.000e+00  6.679e-10  7.918e-07  1.670e-04  7.688e-03  9.921e-01  4.076e-05  0.000e+00 
 5.66   0.00     8.356e-04 -4.000  1.206e+00 0.618 3.603e+08 -1.906e-22  0.000e+00  8.755e-10  9.871e-07  1.963e-04  8.341e-03  9.915e-01  2.494e-05  0.000e+00 
 5.65   0.00     8.356e-04 -4.000  1.206e+00 0.618 3.509e+08 -1.912e-22  0.000e+00  1.143e-09  1.225e-06  2.296e-04  9.016e-03  9.907e-01  1.921e-05  0.000e+00 
 5.64   0.00     8.356e-04 -4.000  1.206e+00 0.618 3.414e+08 -1.921e-22  0.000e+00  1.501e-09  1.529e-06  2.698e-04  9.774e-03  9.899e-01  1.444e-05  0.000e+00 
 5.63   0.00     8.356e-04 -4.000  1.206e+00 0.618 3.313e+08 -1.934e-22  0.000e+00  1.983e-09  1.919e-06  3.188e-04  1.064e-02  9.891e-01  9.856e-06  0.000e+00 
 5.62   0.00     8.356e-04 -4.000  1.206e+00 0.618 3.204e+08 -1.954e-22  0.000e+00  2.639e-09  2.426e-06  3.790e-04  1.162e-02  9.880e-01  5.683e-06  0.000e+00 
 5.61   0.00     8.356e-04 -4.000  1.206e+00 0.619 3.103e+08 -1.972e-22  0.000e+00  3.486e-09  3.042e-06  4.471e-04  1.262e-02  9.870e-01  4.319e-06  0.000e+00 
 5.60   0.00     8.356e-04 -4.000  1.206e+00 0.619 2.994e+08 -1.997e-22  0.000e+00  4.633e-09  3.839e-06  5.302e-04  1.376e-02  9.857e-01  3.190e-06  0.000e+00 
 5.59   0.00     8.356e-04 -4.000  1.206e+00 0.619 2.873e+08 -2.034e-22  0.000e+00  6.211e-09  4.884e-06  6.335e-04  1.506e-02  9.843e-01  2.107e-06  0.000e+00 
 5.58   0.00     8.356e-04 -4.000  1.206e+00 0.619 2.739e+08 -2.085e-22  0.000e+00  8.395e-09  6.261e-06  7.620e-04  1.656e-02  9.827e-01  1.122e-06  0.000e+00 
 5.57   0.00     8.356e-04 -4.000  1.205e+00 0.619 2.614e+08 -2.135e-22  0.000e+00  1.121e-08  7.933e-06  9.065e-04  1.807e-02  9.810e-01  7.974e-07  0.000e+00 
 5.56   0.00     8.356e-04 -4.000  1.205e+00 0.619 2.478e+08 -2.201e-22  0.000e+00  1.510e-08  1.013e-05  1.085e-03  1.981e-02  9.791e-01  5.158e-07  0.000e+00 
 5.55   0.00     8.356e-04 -4.000  1.205e+00 0.619 2.327e+08 -2.290e-22  0.000e+00  2.055e-08  1.306e-05  1.312e-03  2.182e-02  9.768e-01  2.446e-07  0.000e+00 
 5.54   0.00     8.356e-04 -4.000  1.205e+00 0.619 2.163e+08 -2.408e-22  0.000e+00  2.824e-08  1.701e-05  1.598e-03  2.417e-02  9.742e-01  4.126e-09  0.000e+00 
 5.53   0.00     8.356e-04 -4.000  1.205e+00 0.619 2.020e+08 -2.520e-22  0.000e+00  3.815e-08  2.177e-05  1.916e-03  2.649e-02  9.716e-01  0.000e+00  0.000e+00 
 5.52   0.00     8.356e-04 -4.000  1.205e+00 0.619 1.870e+08 -2.660e-22  0.000e+00  5.206e-08  2.814e-05  2.317e-03  2.917e-02  9.685e-01  0.000e+00  0.000e+00 
 5.51   0.00     8.356e-04 -4.000  1.205e+00 0.619 1.712e+08 -2.838e-22  0.000e+00  7.198e-08  3.681e-05  2.833e-03  3.234e-02  9.648e-01  0.000e+00  0.000e+00 
 5.50   0.00     8.356e-04 -4.000  1.205e+00 0.619 1.554e+08 -3.057e-22  0.000e+00  1.007e-07  4.871e-05  3.497e-03  3.605e-02  9.604e-01  0.000e+00  0.000e+00 
 5.49   0.00     8.356e-04 -4.000  1.205e+00 0.619 1.429e+08 -3.247e-22  0.000e+00  1.375e-07  6.295e-05  4.226e-03  3.966e-02  9.561e-01  0.000e+00  0.000e+00 
 5.48   0.00     8.356e-04 -4.000  1.205e+00 0.619 1.307e+08 -3.469e-22  0.000e+00  1.902e-07  8.238e-05  5.162e-03  4.390e-02  9.509e-01  0.000e+00  0.000e+00 
 5.47   0.00     8.356e-04 -4.000  1.205e+00 0.619 1.190e+08 -3.727e-22  0.000e+00  2.672e-07  1.094e-04  6.383e-03  4.893e-02  9.446e-01  0.000e+00  0.000e+00 
 5.46   0.00     8.356e-04 -4.000  1.205e+00 0.619 1.080e+08 -4.010e-22  0.000e+00  3.807e-07  1.471e-04  7.981e-03  5.488e-02  9.370e-01  0.000e+00  0.000e+00 
 5.45   0.00     8.356e-04 -4.000  1.205e+00 0.619 1.004e+08 -4.215e-22  0.000e+00  5.250e-07  1.917e-04  9.713e-03  6.052e-02  9.296e-01  0.000e+00  0.000e+00 
 5.44   0.00     8.356e-04 -4.000  1.205e+00 0.619 9.334e+07 -4.431e-22  0.000e+00  7.357e-07  2.540e-04  1.196e-02  6.720e-02  9.206e-01  0.000e+00  0.000e+00 
 5.43   0.00     8.356e-04 -4.000  1.205e+00 0.619 8.696e+07 -4.647e-22  1.232e-10  1.049e-06  3.416e-04  1.495e-02  7.517e-02  9.095e-01  0.000e+00  0.000e+00 
 5.42   0.00     8.356e-04 -4.000  1.205e+00 0.619 8.147e+07 -4.847e-22  1.863e-10  1.517e-06  4.654e-04  1.888e-02  8.455e-02  8.961e-01  0.000e+00  0.000e+00 
 5.41   0.00     8.356e-04 -4.000  1.204e+00 0.619 7.778e+07 -4.961e-22  2.712e-10  2.112e-06  6.121e-04  2.310e-02  9.328e-02  8.830e-01  0.000e+00  0.000e+00 
 5.40   0.00     8.356e-04 -4.000  1.204e+00 0.619 7.446e+07 -5.064e-22  4.016e-10  2.990e-06  8.174e-04  2.863e-02  1.035e-01  8.670e-01  0.000e+00  0.000e+00 
 5.39   0.00     8.356e-04 -4.000  1.204e+00 0.619 7.153e+07 -5.153e-22  6.063e-10  4.315e-06  1.111e-03  3.600e-02  1.158e-01  8.472e-01  0.000e+00  0.000e+00 
 5.38   0.00     8.356e-04 -4.000  1.204e+00 0.619 6.902e+07 -5.218e-22  9.259e-10  6.297e-06  1.524e-03  4.564e-02  1.297e-01  8.232e-01  0.000e+00  0.000e+00 
 5.37   0.00     8.356e-04 -4.000  1.204e+00 0.619 6.723e+07 -5.235e-22  1.353e-09  8.803e-06  2.011e-03  5.585e-02  1.423e-01  7.999e-01  0.000e+00  0.000e+00 
 5.36   0.00     8.356e-04 -4.000  1.204e+00 0.619 6.556e+07 -5.246e-22  2.009e-09  1.250e-05  2.689e-03  6.908e-02  1.565e-01  7.717e-01  0.000e+00  0.000e+00 
 5.35   0.00     8.356e-04 -4.000  1.204e+00 0.619 6.398e+07 -5.252e-22  3.040e-09  1.807e-05  3.654e-03  8.654e-02  1.729e-01  7.369e-01  0.000e+00  0.000e+00 
 5.34   0.00     8.356e-04 -4.000  1.204e+00 0.619 6.252e+07 -5.253e-22  4.631e-09  2.632e-05  4.994e-03  1.088e-01  1.905e-01  6.957e-01  0.000e+00  0.000e+00 
 5.33   0.00     8.356e-04 -4.000  1.204e+00 0.619 6.130e+07 -5.235e-22  6.701e-09  3.643e-05  6.514e-03  1.313e-01  2.048e-01  6.573e-01  0.000e+00  0.000e+00 
 5.32   0.00     8.356e-04 -4.000  1.204e+00 0.619 6.007e+07 -5.220e-22  9.821e-09  5.105e-05  8.581e-03  1.594e-01  2.198e-01  6.122e-01  0.000e+00  0.000e+00 
 5.31   0.00     8.356e-04 -4.000  1.204e+00 0.619 5.878e+07 -5.213e-22  1.460e-08  7.255e-05  1.144e-02  1.950e-01  2.348e-01  5.587e-01  0.000e+00  0.000e+00 
 5.30   0.00     8.356e-04 -4.000  1.204e+00 0.619 5.747e+07 -5.211e-22  2.170e-08  1.029e-04  1.521e-02  2.374e-01  2.483e-01  4.990e-01  0.000e+00  0.000e+00 
 5.29   0.00     8.356e-04 -4.000  1.204e+00 0.619 5.634e+07 -5.195e-22  3.042e-08  1.382e-04  1.919e-02  2.764e-01  2.558e-01  4.484e-01  0.000e+00  0.000e+00 
 5.28   0.00     8.356e-04 -4.000  1.204e+00 0.619 5.514e+07 -5.186e-22  4.296e-08  1.866e-04  2.432e-02  3.216e-01  2.610e-01  3.929e-01  0.000e+00  0.000e+00 
 5.27   0.00     8.356e-04 -4.000  1.203e+00 0.619 5.388e+07 -5.186e-22  6.117e-08  2.538e-04  3.096e-02  3.738e-01  2.624e-01  3.326e-01  0.000e+00  0.000e+00 
 5.26   0.00     8.356e-04 -4.000  1.203e+00 0.619 5.263e+07 -5.189e-22  8.634e-08  3.421e-04  3.901e-02  4.292e-01  2.587e-01  2.728e-01  0.000e+00  0.000e+00 
 5.25   0.00     8.356e-04 -4.000  1.203e+00 0.619 5.159e+07 -5.173e-22  1.151e-07  4.366e-04  4.675e-02  4.729e-01  2.510e-01  2.289e-01  0.000e+00  0.000e+00 
 5.24   0.00     8.356e-04 -4.000  1.203e+00 0.619 5.053e+07 -5.161e-22  1.542e-07  5.592e-04  5.608e-02  5.187e-01  2.393e-01  1.853e-01  0.000e+00  0.000e+00 
 5.23   0.00     8.356e-04 -4.000  1.203e+00 0.619 4.944e+07 -5.153e-22  2.076e-07  7.193e-04  6.731e-02  5.656e-01  2.232e-01  1.432e-01  0.000e+00  0.000e+00 
 5.22   0.00     8.356e-04 -4.000  1.203e+00 0.619 4.840e+07 -5.145e-22  2.771e-07  9.163e-04  7.994e-02  6.086e-01  2.037e-01  1.069e-01  0.000e+00  0.000e+00 
 5.21   0.00     8.356e-04 -4.000  1.203e+00 0.619 4.755e+07 -5.118e-22  3.525e-07  1.116e-03  9.130e-02  6.370e-01  1.866e-01  8.400e-02  0.000e+00  0.000e+00 
 5.20   0.00     8.356e-04 -4.000  1.203e+00 0.619 4.666e+07 -5.096e-22  4.516e-07  1.367e-03  1.045e-01  6.636e-01  1.674e-01  6.322e-02  0.000e+00  0.000e+00 
 5.19   0.00     8.356e-04 -4.000  1.203e+00 0.619 4.573e+07 -5.082e-22  5.827e-07  1.685e-03  1.198e-01  6.871e-01  1.464e-01  4.504e-02  0.000e+00  0.000e+00 
 5.18   0.00     8.356e-04 -4.000  1.202e+00 0.619 4.477e+07 -5.071e-22  7.479e-07  2.065e-03  1.365e-01  7.048e-01  1.257e-01  3.099e-02  0.000e+00  0.000e+00 
 5.17   0.00     8.356e-04 -4.000  1.202e+00 0.619 4.395e+07 -5.048e-22  9.242e-07  2.442e-03  1.512e-01  7.127e-01  1.105e-01  2.318e-02  0.000e+00  0.000e+00 
 5.16   0.00     8.356e-04 -4.000  1.202e+00 0.619 4.304e+07 -5.037e-22  1.153e-06  2.914e-03  1.680e-01  7.177e-01  9.492e-02  1.648e-02  0.000e+00  0.000e+00 
 5.15   0.00     8.356e-04 -4.000  1.202e+00 0.619 4.201e+07 -5.043e-22  1.454e-06  3.506e-03  1.876e-01  7.187e-01  7.920e-02  1.099e-02  0.000e+00  0.000e+00 
 5.14   0.00     8.356e-04 -4.000  1.202e+00 0.620 4.090e+07 -5.061e-22  1.828e-06  4.208e-03  2.086e-01  7.151e-01  6.501e-02  7.074e-03  0.000e+00  0.000e+00 
 5.13   0.00     8.356e-04 -4.000  1.201e+00 0.620 3.994e+07 -5.064e-22  2.224e-06  4.900e-03  2.270e-01  7.074e-01  5.552e-02  5.094e-03  0.000e+00  0.000e+00 
 5.12   0.00     8.356e-04 -4.000  1.201e+00 0.620 3.884e+07 -5.088e-22  2.737e-06  5.763e-03  2.482e-01  6.965e-01  4.612e-02  3.453e-03  0.000e+00  0.000e+00 
 5.11   0.00     8.356e-04 -4.000  1.201e+00 0.620 3.761e+07 -5.135e-22  3.406e-06  6.848e-03  2.725e-01  6.814e-01  3.705e-02  2.169e-03  0.000e+00  0.000e+00 
 5.10   0.00     8.356e-04 -4.000  1.200e+00 0.620 3.631e+07 -5.196e-22  4.233e-06  8.119e-03  2.985e-01  6.628e-01  2.927e-02  1.315e-03  0.000e+00  0.000e+00 
 5.09   0.00     8.356e-04 -4.000  1.200e+00 0.620 3.525e+07 -5.229e-22  5.096e-06  9.359e-03  3.208e-01  6.446e-01  2.438e-02  9.128e-04  0.000e+00  0.000e+00 
 5.08   0.00     8.356e-04 -4.000  1.200e+00 0.620 3.410e+07 -5.282e-22  6.212e-06  1.090e-02  3.462e-01  6.227e-01  1.964e-02  5.904e-04  0.000e+00  0.000e+00 
 5.07   0.00     8.356e-04 -4.000  1.199e+00 0.620 3.286e+07 -5.354e-22  7.667e-06  1.283e-02  3.753e-01  5.963e-01  1.518e-02  3.485e-04  0.000e+00  0.000e+00 
 5.06   0.00     8.356e-04 -4.000  1.198e+00 0.621 3.169e+07 -5.426e-22  9.428e-06  1.506e-02  4.053e-01  5.679e-01  1.156e-02  1.994e-04  0.000e+00  0.000e+00 
 5.05   0.00     8.356e-04 -4.000  1.197e+00 0.621 3.079e+07 -5.453e-22  1.125e-05  1.721e-02  4.304e-01  5.429e-01  9.367e-03  1.327e-04  0.000e+00  0.000e+00 
 5.04   0.00     8.356e-04 -4.000  1.197e+00 0.621 2.990e+07 -5.487e-22  1.359e-05  1.985e-02  4.586e-01  5.141e-01  7.308e-03  8.174e-05  0.000e+00  0.000e+00 
 5.03   0.00     8.356e-04 -4.000  1.195e+00 0.621 2.899e+07 -5.528e-22  1.662e-05  2.314e-02  4.903e-01  4.810e-01  5.411e-03  4.500e-05  0.000e+00  0.000e+00 
 5.02   0.00     8.356e-04 -4.000  1.194e+00 0.622 2.819e+07 -5.551e-22  2.022e-05  2.684e-02  5.217e-01  4.475e-01  3.956e-03  2.404e-05  0.000e+00  0.000e+00 
 5.01   0.00     8.356e-04 -4.000  1.193e+00 0.622 2.764e+07 -5.529e-22  2.387e-05  3.034e-02  5.467e-01  4.198e-01  3.116e-03  1.536e-05  0.000e+00  0.000e+00 
 5.00   0.00     8.356e-04 -4.000  1.191e+00 0.623 2.711e+07 -5.507e-22  2.852e-05  3.461e-02  5.741e-01  3.889e-01  2.346e-03  8.973e-06  0.000e+00  0.000e+00 
 4.99   0.00     8.356e-04 -4.000  1.189e+00 0.623 2.657e+07 -5.485e-22  3.452e-05  3.992e-02  6.041e-01  3.543e-01  1.654e-03  4.563e-06  0.000e+00  0.000e+00 
 4.98   0.00     8.356e-04 -4.000  1.187e+00 0.624 2.611e+07 -5.448e-22  4.148e-05  4.571e-02  6.321e-01  3.210e-01  1.153e-03  2.252e-06  0.000e+00  0.000e+00 
 4.97   0.00     8.356e-04 -4.000  1.184e+00 0.624 2.582e+07 -5.379e-22  4.838e-05  5.103e-02  6.529e-01  2.952e-01  8.831e-04  1.384e-06  0.000e+00  0.000e+00 
 4.96   0.00     8.356e-04 -4.000  1.181e+00 0.625 2.554e+07 -5.309e-22  5.712e-05  5.750e-02  6.749e-01  2.669e-01  6.397e-04  7.633e-07  0.000e+00  0.000e+00 
 4.95   0.00     8.356e-04 -4.000  1.178e+00 0.626 2.524e+07 -5.241e-22  6.835e-05  6.547e-02  6.980e-01  2.360e-01  4.272e-04  3.551e-07  0.000e+00  0.000e+00 
 4.94   0.00     8.356e-04 -4.000  1.174e+00 0.627 2.500e+07 -5.161e-22  8.102e-05  7.393e-02  7.178e-01  2.079e-01  2.827e-04  1.603e-07  0.000e+00  0.000e+00 
 4.93   0.00     8.356e-04 -4.000  1.170e+00 0.628 2.490e+07 -5.057e-22  9.334e-05  8.151e-02  7.309e-01  1.874e-01  2.104e-04  9.488e-08  0.000e+00  0.000e+00 
 4.92   0.00     8.356e-04 -4.000  1.166e+00 0.629 2.481e+07 -4.949e-22  1.088e-04  9.068e-02  7.438e-01  1.653e-01  1.464e-04  4.928e-08  0.000e+00  0.000e+00 
 4.91   0.00     8.356e-04 -4.000  1.160e+00 0.631 2.477e+07 -4.834e-22  1.287e-04  1.019e-01  7.562e-01  1.417e-01  9.214e-05  2.080e-08  0.000e+00  0.000e+00 
 4.90   0.00     8.356e-04 -4.000  1.155e+00 0.633 2.480e+07 -4.705e-22  1.507e-04  1.135e-01  7.651e-01  1.213e-01  5.767e-05  8.514e-09  0.000e+00  0.000e+00 
 4.89   0.00     8.356e-04 -4.000  1.151e+00 0.634 2.495e+07 -4.563e-22  1.716e-04  1.237e-01  7.690e-01  1.072e-01  4.177e-05  4.864e-09  0.000e+00  0.000e+00 
 4.88   0.00     8.356e-04 -4.000  1.146e+00 0.635 2.516e+07 -4.411e-22  1.979e-04  1.359e-01  7.716e-01  9.221e-02  2.788e-05  2.373e-09  0.000e+00  0.000e+00 
 4.87   0.00     8.356e-04 -4.000  1.140e+00 0.636 2.549e+07 -4.244e-22  2.314e-04  1.509e-01  7.723e-01  7.656e-02  1.649e-05  9.022e-10  0.000e+00  0.000e+00 
 4.86   0.00     8.356e-04 -4.000  1.135e+00 0.638 2.590e+07 -4.072e-22  2.677e-04  1.660e-01  7.700e-01  6.371e-02  9.743e-06  3.332e-10  0.000e+00  0.000e+00 
 4.85   0.00     8.356e-04 -4.000  1.130e+00 0.639 2.635e+07 -3.906e-22  3.022e-04  1.790e-01  7.654e-01  5.525e-02  6.861e-06  1.831e-10  0.000e+00  0.000e+00 
 4.84   0.00     8.356e-04 -4.000  1.126e+00 0.640 2.691e+07 -3.730e-22  3.454e-04  1.948e-01  7.585e-01  4.639e-02  4.389e-06  0.000e+00  0.000e+00  0.000e+00 
 4.83   0.00     8.356e-04 -4.000  1.122e+00 0.642 2.761e+07 -3.544e-22  4.003e-04  2.139e-01  7.483e-01  3.729e-02  2.428e-06  0.000e+00  0.000e+00  0.000e+00 
 4.82   0.00     8.356e-04 -4.000  1.117e+00 0.643 2.835e+07 -3.367e-22  4.588e-04  2.330e-01  7.364e-01  3.016e-02  1.352e-06  0.000e+00  0.000e+00  0.000e+00 
 4.81   0.00     8.356e-04 -4.000  1.115e+00 0.644 2.902e+07 -3.210e-22  5.140e-04  2.492e-01  7.247e-01  2.565e-02  9.225e-07  0.000e+00  0.000e+00  0.000e+00 
 4.80   0.00     8.356e-04 -4.000  1.113e+00 0.644 2.983e+07 -3.050e-22  5.832e-04  2.687e-01  7.098e-01  2.100e-02  5.644e-07  0.000e+00  0.000e+00  0.000e+00 
 4.79   0.00     8.356e-04 -4.000  1.110e+00 0.645 3.077e+07 -2.885e-22  6.711e-04  2.923e-01  6.907e-01  1.630e-02  2.902e-07  0.000e+00  0.000e+00  0.000e+00 
 4.78   0.00     8.356e-04 -4.000  1.108e+00 0.646 3.167e+07 -2.736e-22  7.627e-04  3.151e-01  6.713e-01  1.280e-02  1.519e-07  0.000e+00  0.000e+00  0.000e+00 
 4.77   0.00     8.356e-04 -4.000  1.107e+00 0.646 3.245e+07 -2.609e-22  8.484e-04  3.342e-01  6.542e-01  1.065e-02  9.986e-08  0.000e+00  0.000e+00  0.000e+00 
 4.76   0.00     8.356e-04 -4.000  1.105e+00 0.647 3.334e+07 -2.480e-22  9.552e-04  3.571e-01  6.335e-01  8.485e-03  5.823e-08  0.000e+00  0.000e+00  0.000e+00 
 4.75   0.00     8.356e-04 -4.000  1.104e+00 0.647 3.436e+07 -2.351e-22  1.091e-03  3.845e-01  6.081e-01  6.328e-03  2.751e-08  0.000e+00  0.000e+00  0.000e+00 
 4.74   0.00     8.356e-04 -4.000  1.103e+00 0.647 3.528e+07 -2.236e-22  1.228e-03  4.098e-01  5.842e-01  4.817e-03  1.345e-08  0.000e+00  0.000e+00  0.000e+00 
 4.73   0.00     8.356e-04 -4.000  1.103e+00 0.647 3.606e+07 -2.138e-22  1.355e-03  4.304e-01  5.642e-01  3.920e-03  8.505e-09  0.000e+00  0.000e+00  0.000e+00 
 4.72   0.00     8.356e-04 -4.000  1.102e+00 0.648 3.692e+07 -2.040e-22  1.513e-03  4.547e-01  5.408e-01  3.033e-03  4.712e-09  0.000e+00  0.000e+00  0.000e+00 
 4.71   0.00     8.356e-04 -4.000  1.102e+00 0.648 3.788e+07 -1.942e-22  1.712e-03  4.837e-01  5.125e-01  2.161e-03  2.016e-09  0.000e+00  0.000e+00  0.000e+00 
 4.70   0.00     8.356e-04 -4.000  1.101e+00 0.648 3.870e+07 -1.857e-22  1.905e-03  5.088e-01  4.877e-01  1.591e-03  8.853e-10  0.000e+00  0.000e+00  0.000e+00 
 4.69   0.00     8.356e-04 -4.000  1.101e+00 0.648 3.938e+07 -1.783e-22  2.084e-03  5.287e-01  4.679e-01  1.267e-03  5.012e-10  0.000e+00  0.000e+00  0.000e+00 
 4.68   0.00     8.356e-04 -4.000  1.101e+00 0.648 4.012e+07 -1.710e-22  2.304e-03  5.517e-01  4.450e-01  9.508e-04  2.233e-10  0.000e+00  0.000e+00  0.000e+00 
 4.67   0.00     8.356e-04 -4.000  1.100e+00 0.648 4.093e+07 -1.639e-22  2.584e-03  5.790e-01  4.178e-01  6.449e-04  0.000e+00  0.000e+00  0.000e+00  0.000e+00 
 4.66   0.00     8.356e-04 -4.000  1.100e+00 0.648 4.157e+07 -1.576e-22  2.847e-03  6.013e-01  3.954e-01  4.579e-04  0.000e+00  0.000e+00  0.000e+00  0.000e+00 
 4.65   0.00     8.356e-04 -4.000  1.099e+00 0.648 4.208e+07 -1.521e-22  3.091e-03  6.185e-01  3.780e-01  3.571e-04  0.000e+00  0.000e+00  0.000e+00  0.000e+00 
 4.64   0.00     8.356e-04 -4.000  1.099e+00 0.648 4.261e+07 -1.468e-22  3.391e-03  6.383e-01  3.580e-01  2.595e-04  0.000e+00  0.000e+00  0.000e+00  0.000e+00 
 4.63   0.00     8.356e-04 -4.000  1.099e+00 0.649 4.317e+07 -1.415e-22  3.773e-03  6.615e-01  3.346e-01  1.668e-04  0.000e+00  0.000e+00  0.000e+00  0.000e+00 
 4.62   0.00     8.356e-04 -4.000  1.098e+00 0.649 4.355e+07 -1.371e-22  4.130e-03  6.798e-01  3.159e-01  1.138e-04  0.000e+00  0.000e+00  0.000e+00  0.000e+00 
 4.61   0.00     8.356e-04 -4.000  1.097e+00 0.649 4.383e+07 -1.330e-22  4.462e-03  6.940e-01  3.014e-01  8.652e-05  0.000e+00  0.000e+00  0.000e+00  0.000e+00 
 4.60   0.00     8.356e-04 -4.000  1.097e+00 0.649 4.409e+07 -1.292e-22  4.878e-03  7.105e-01  2.846e-01  6.050e-05  0.000e+00  0.000e+00  0.000e+00  0.000e+00 
 4.59   0.00     8.356e-04 -4.000  1.096e+00 0.650 4.430e+07 -1.257e-22  5.413e-03  7.299e-01  2.647e-01  3.644e-05  0.000e+00  0.000e+00  0.000e+00  0.000e+00 
 4.58   0.00     8.356e-04 -4.000  1.094e+00 0.650 4.436e+07 -1.225e-22  5.913e-03  7.456e-01  2.486e-01  2.359e-05  0.000e+00  0.000e+00  0.000e+00  0.000e+00 
 4.57   0.00     8.356e-04 -4.000  1.093e+00 0.650 4.434e+07 -1.197e-22  6.392e-03  7.584e-01  2.352e-01  1.725e-05  0.000e+00  0.000e+00  0.000e+00  0.000e+00 
 4.56   0.00     8.356e-04 -4.000  1.092e+00 0.651 4.424e+07 -1.172e-22  6.999e-03  7.736e-01  2.194e-01  1.141e-05  0.000e+00  0.000e+00  0.000e+00  0.000e+00 
 4.55   0.00     8.356e-04 -4.000  1.089e+00 0.652 4.403e+07 -1.149e-22  7.794e-03  7.920e-01  2.002e-01  6.267e-06  0.000e+00  0.000e+00  0.000e+00  0.000e+00 
 4.54   0.00     8.356e-04 -4.000  1.086e+00 0.652 4.373e+07 -1.130e-22  8.545e-03  8.076e-01  1.838e-01  3.747e-06  0.000e+00  0.000e+00  0.000e+00  0.000e+00 
 4.53   0.00     8.356e-04 -4.000  1.084e+00 0.653 4.337e+07 -1.112e-22  9.281e-03  8.214e-01  1.693e-01  2.564e-06  0.000e+00  0.000e+00  0.000e+00  0.000e+00 
 4.52   0.00     8.356e-04 -4.000  1.080e+00 0.654 4.291e+07 -1.096e-22  1.023e-02  8.376e-01  1.522e-01  1.550e-06  0.000e+00  0.000e+00  0.000e+00  0.000e+00 
 4.51   0.00     8.356e-04 -4.000  1.075e+00 0.656 4.232e+07 -1.083e-22  1.148e-02  8.571e-01  1.315e-01  7.402e-07  0.000e+00  0.000e+00  0.000e+00  0.000e+00 
 4.50   0.00     8.356e-04 -4.000  1.071e+00 0.657 4.169e+07 -1.073e-22  1.266e-02  8.732e-01  1.142e-01  3.924e-07  0.000e+00  0.000e+00  0.000e+00  0.000e+00 
 4.49   0.00     8.356e-04 -4.000  1.066e+00 0.659 4.105e+07 -1.063e-22  1.382e-02  8.870e-01  9.914e-02  2.424e-07  0.000e+00  0.000e+00  0.000e+00  0.000e+00 
 4.48   0.00     8.356e-04 -4.000  1.061e+00 0.660 4.030e+07 -1.055e-22  1.531e-02  9.021e-01  8.267e-02  1.288e-07  0.000e+00  0.000e+00  0.000e+00  0.000e+00 
 4.47   0.00     8.356e-04 -4.000  1.053e+00 0.662 3.940e+07 -1.051e-22  1.727e-02  9.182e-01  6.452e-02  5.051e-08  0.000e+00  0.000e+00  0.000e+00  0.000e+00 
 4.46   0.00     8.356e-04 -4.000  1.046e+00 0.664 3.852e+07 -1.047e-22  1.906e-02  9.297e-01  5.124e-02  2.306e-08  0.000e+00  0.000e+00  0.000e+00  0.000e+00 
 4.45   0.00     8.356e-04 -4.000  1.040e+00 0.667 3.765e+07 -1.043e-22  2.084e-02  9.382e-01  4.096e-02  1.259e-08  0.000e+00  0.000e+00  0.000e+00  0.000e+00 
 4.44   0.00     8.356e-04 -4.000  1.033e+00 0.669 3.666e+07 -1.044e-22  2.310e-02  9.460e-01  3.091e-02  5.766e-09  0.000e+00  0.000e+00  0.000e+00  0.000e+00 
 4.43   0.00     8.356e-04 -4.000  1.024e+00 0.671 3.545e+07 -1.051e-22  2.615e-02  9.527e-01  2.116e-02  1.795e-09  0.000e+00  0.000e+00  0.000e+00  0.000e+00 
 4.42   0.00     8.356e-04 -4.000  1.018e+00 0.674 3.432e+07 -1.057e-22  2.883e-02  9.559e-01  1.530e-02  7.089e-10  0.000e+00  0.000e+00  0.000e+00  0.000e+00 
 4.41   0.00     8.356e-04 -4.000  1.012e+00 0.675 3.322e+07 -1.065e-22  3.155e-02  9.572e-01  1.124e-02  3.436e-10  0.000e+00  0.000e+00  0.000e+00  0.000e+00 
 4.40   0.00     8.356e-04 -4.000  1.006e+00 0.677 3.194e+07 -1.079e-22  3.508e-02  9.573e-01  7.684e-03  1.364e-10  0.000e+00  0.000e+00  0.000e+00  0.000e+00 
 4.39   0.00     8.356e-04 -4.000  9.987e-01 0.679 3.038e+07 -1.105e-22  3.997e-02  9.554e-01  4.614e-03  0.000e+00  0.000e+00  0.000e+00  0.000e+00  0.000e+00 
 4.38   0.00     8.356e-04 -4.000  9.936e-01 0.681 2.906e+07 -1.126e-22  4.418e-02  9.527e-01  3.061e-03  0.000e+00  0.000e+00  0.000e+00  0.000e+00  0.000e+00 
 4.37   0.00     8.356e-04 -4.000  9.887e-01 0.683 2.781e+07 -1.147e-22  4.859e-02  9.494e-01  2.084e-03  0.000e+00  0.000e+00  0.000e+00  0.000e+00  0.000e+00 
 4.36   0.00     8.356e-04 -4.000  9.828e-01 0.684 2.640e+07 -1.177e-22  5.438e-02  9.443e-01  1.295e-03  0.000e+00  0.000e+00  0.000e+00  0.000e+00  0.000e+00 
 4.35   0.00     8.356e-04 -4.000  9.750e-01 0.687 2.472e+07 -1.224e-22  6.252e-02  9.368e-01  6.784e-04  0.000e+00  0.000e+00  0.000e+00  0.000e+00  0.000e+00 
 4.34   0.00     8.356e-04 -4.000  9.684e-01 0.690 2.344e+07 -1.258e-22  6.949e-02  9.301e-01  4.153e-04  0.000e+00  0.000e+00  0.000e+00  0.000e+00  0.000e+00 
 4.33   0.00     8.356e-04 -4.000  9.614e-01 0.692 2.228e+07 -1.288e-22  7.684e-02  9.229e-01  2.670e-04  0.000e+00  0.000e+00  0.000e+00  0.000e+00  0.000e+00 
 4.32   0.00     8.356e-04 -4.000  9.517e-01 0.695 2.102e+07 -1.329e-22  8.655e-02  9.133e-01  1.545e-04  0.000e+00  0.000e+00  0.000e+00  0.000e+00  0.000e+00 
 4.31   0.00     8.356e-04 -4.000  9.378e-01 0.699 1.955e+07 -1.387e-22  1.002e-01  8.997e-01  7.356e-05  0.000e+00  0.000e+00  0.000e+00  0.000e+00  0.000e+00 
 4.30   0.00     8.356e-04 -4.000  9.250e-01 0.704 1.853e+07 -1.420e-22  1.119e-01  8.881e-01  4.269e-05  0.000e+00  0.000e+00  0.000e+00  0.000e+00  0.000e+00 
 4.29   0.00     8.356e-04 -4.000  9.107e-01 0.709 1.769e+07 -1.444e-22  1.242e-01  8.758e-01  2.618e-05  0.000e+00  0.000e+00  0.000e+00  0.000e+00  0.000e+00 
 4.28   0.00     8.356e-04 -4.000  8.908e-01 0.716 1.680e+07 -1.471e-22  1.406e-01  8.594e-01  1.423e-05  0.000e+00  0.000e+00  0.000e+00  0.000e+00  0.000e+00 
 4.27   0.00     8.356e-04 -4.000  8.610e-01 0.727 1.584e+07 -1.503e-22  1.638e-01  8.362e-01  6.154e-06  0.000e+00  0.000e+00  0.000e+00  0.000e+00  0.000e+00 
 4.26   0.00     8.356e-04 -4.000  8.344e-01 0.737 1.530e+07 -1.499e-22  1.836e-01  8.164e-01  3.403e-06  0.000e+00  0.000e+00  0.000e+00  0.000e+00  0.000e+00 
 4.25   0.00     8.356e-04 -4.000  8.051e-01 0.749 1.496e+07 -1.475e-22  2.049e-01  7.951e-01  2.014e-06  0.000e+00  0.000e+00  0.000e+00  0.000e+00  0.000e+00 
 4.24   0.00     8.356e-04 -4.000  7.650e-01 0.765 1.474e+07 -1.432e-22  2.333e-01  7.667e-01  1.041e-06  0.000e+00  0.000e+00  0.000e+00  0.000e+00  0.000e+00 
 4.23   0.00     8.356e-04 -4.000  7.071e-01 0.789 1.472e+07 -1.359e-22  2.740e-01  7.260e-01  4.129e-07  0.000e+00  0.000e+00  0.000e+00  0.000e+00  0.000e+00 
 4.22   0.00     8.356e-04 -4.000  6.597e-01 0.810 1.503e+07 -1.266e-22  3.084e-01  6.916e-01  2.194e-07  0.000e+00  0.000e+00  0.000e+00  0.000e+00  0.000e+00 
 4.21   0.00     8.356e-04 -4.000  6.107e-01 0.834 1.566e+07 -1.154e-22  3.450e-01  6.550e-01  1.261e-07  0.000e+00  0.000e+00  0.000e+00  0.000e+00  0.000e+00 
 4.20   0.00     8.356e-04 -4.000  5.482e-01 0.865 1.685e+07 -1.010e-22  3.933e-01  6.067e-01  6.230e-08  0.000e+00  0.000e+00  0.000e+00  0.000e+00  0.000e+00 
 4.19   0.00     8.356e-04 -4.000  4.658e-01 0.910 1.917e+07 -8.246e-23  4.605e-01  5.395e-01  2.239e-08  0.000e+00  0.000e+00  0.000e+00  0.000e+00  0.000e+00 
 4.18   0.00     8.356e-04 -4.000  4.083e-01 0.945 2.174e+07 -6.846e-23  5.121e-01  4.879e-01  1.135e-08  0.000e+00  0.000e+00  0.000e+00  0.000e+00  0.000e+00 
 4.17   0.00     8.356e-04 -4.000  3.552e-01 0.979 2.526e+07 -5.554e-23  5.630e-01  4.370e-01  6.260e-09  0.000e+00  0.000e+00  0.000e+00  0.000e+00  0.000e+00 
 4.16   0.00     8.356e-04 -4.000  2.942e-01 1.023 3.129e+07 -4.198e-23  6.250e-01  3.750e-01  2.887e-09  0.000e+00  0.000e+00  0.000e+00  0.000e+00  0.000e+00 
 4.15   0.00     8.356e-04 -4.000  2.235e-01 1.077 4.330e+07 -2.816e-23  7.024e-01  2.976e-01  8.818e-10  0.000e+00  0.000e+00  0.000e+00  0.000e+00  0.000e+00 
 4.14   0.00     8.356e-04 -4.000  1.835e-01 1.111 5.566e+07 -2.075e-23  7.505e-01  2.495e-01  4.145e-10  0.000e+00  0.000e+00  0.000e+00  0.000e+00  0.000e+00 
 4.13   0.00     8.356e-04 -4.000  1.501e-01 1.140 7.288e+07 -1.509e-23  7.929e-01  2.071e-01  2.116e-10  0.000e+00  0.000e+00  0.000e+00  0.000e+00  0.000e+00 
 4.12   0.00     8.356e-04 -4.000  1.153e-01 1.173 1.043e+08 -1.001e-23  8.384e-01  1.616e-01  0.000e+00  0.000e+00  0.000e+00  0.000e+00  0.000e+00  0.000e+00 
 4.11   0.00     8.356e-04 -4.000  7.860e-02 1.209 1.753e+08 -5.662e-24  8.879e-01  1.121e-01  0.000e+00  0.000e+00  0.000e+00  0.000e+00  0.000e+00  0.000e+00 
 4.10   0.00     8.356e-04 -4.000  6.176e-02 1.227 2.457e+08 -3.883e-24  9.121e-01  8.796e-02  0.000e+00  0.000e+00  0.000e+00  0.000e+00  0.000e+00  0.000e+00 
 4.09   0.00     8.356e-04 -4.000  4.831e-02 1.242 3.492e+08 -2.638e-24  9.315e-01  6.852e-02  0.000e+00  0.000e+00  0.000e+00  0.000e+00  0.000e+00  0.000e+00 
 4.08   0.00     8.356e-04 -4.000  3.503e-02 1.256 5.513e+08 -1.614e-24  9.506e-01  4.940e-02  0.000e+00  0.000e+00  0.000e+00  0.000e+00  0.000e+00  0.000e+00 
 4.07   0.00     8.356e-04 -4.000  2.178e-02 1.270 1.064e+09 -8.108e-25  9.695e-01  3.049e-02  0.000e+00  0.000e+00  0.000e+00  0.000e+00  0.000e+00  0.000e+00 
 4.06   0.00     8.356e-04 -4.000  1.548e-02 1.278 1.661e+09 -5.026e-25  9.786e-01  2.137e-02  0.000e+00  0.000e+00  0.000e+00  0.000e+00  0.000e+00  0.000e+00 
 4.05   0.00     8.356e-04 -4.000  1.034e-02 1.284 2.795e+09 -2.905e-25  9.859e-01  1.403e-02  0.000e+00  0.000e+00  0.000e+00  0.000e+00  0.000e+00  0.000e+00 
 4.04   0.00     8.356e-04 -4.000  5.706e-03 1.289 5.935e+09 -1.345e-25  9.924e-01  7.575e-03  0.000e+00  0.000e+00  0.000e+00  0.000e+00  0.000e+00  0.000e+00 
 4.03   0.00     8.356e-04 -4.000  2.013e-03 1.293 2.170e+10 -3.735e-26  9.974e-01  2.563e-03  0.000e+00  0.000e+00  0.000e+00  0.000e+00  0.000e+00  0.000e+00 
 4.02   0.00     8.356e-04 -4.000  6.954e-04 1.295 6.893e+10 -1.118e-26  9.992e-01  7.989e-04  0.000e+00  0.000e+00  0.000e+00  0.000e+00  0.000e+00  0.000e+00 
 4.01   0.00     8.356e-04 -4.000  3.792e-04 1.295 1.400e+11 -5.372e-27  9.996e-01  3.789e-04  0.000e+00  0.000e+00  0.000e+00  0.000e+00  0.000e+00  0.000e+00 
 4.00   0.00     8.356e-04 -4.000  2.298e-04 1.295 2.574e+11 -2.794e-27  9.998e-01  1.847e-04  0.000e+00  0.000e+00  0.000e+00  0.000e+00  0.000e+00  0.000e+00 
 3.99   0.00     8.356e-04 -4.000  1.515e-04 1.296 4.539e+11 -1.545e-27  9.999e-01  8.643e-05  0.000e+00  0.000e+00  0.000e+00  0.000e+00  0.000e+00  0.000e+00 
 3.98   0.00     8.356e-04 -4.000  9.801e-05 1.296 7.586e+11 -8.999e-28  1.000e+00  2.457e-05  0.000e+00  0.000e+00  0.000e+00  0.000e+00  0.000e+00  0.000e+00 
 3.97   0.00     8.356e-04 -4.000  5.920e-05 1.296 1.411e+12 -4.680e-28  1.000e+00  0.000e+00  0.000e+00  0.000e+00  0.000e+00  0.000e+00  0.000e+00  0.000e+00 
 3.96   0.00     8.356e-04 -4.000  4.875e-05 1.296 2.017e+12 -3.242e-28  1.000e+00  0.000e+00  0.000e+00  0.000e+00  0.000e+00  0.000e+00  0.000e+00  0.000e+00 
 3.95   0.00     8.356e-04 -4.000  3.853e-05 1.296 3.048e+12 -2.097e-28  1.000e+00  3.758e-10  0.000e+00  0.000e+00  0.000e+00  0.000e+00  0.000e+00  0.000e+00 
 3.94   0.00     8.356e-04 -4.000  3.096e-05 1.296 4.257e+12 -1.467e-28  1.000e+00  2.132e-10  0.000e+00  0.000e+00  0.000e+00  0.000e+00  0.000e+00  0.000e+00 
 3.93   0.00     8.356e-04 -4.000  2.538e-05 1.296 5.800e+12 -1.052e-28  1.000e+00  1.291e-10  0.000e+00  0.000e+00  0.000e+00  0.000e+00  0.000e+00  0.000e+00 
 3.92   0.00     8.356e-04 -4.000  2.111e-05 1.296 7.812e+12 -7.635e-29  1.000e+00  0.000e+00  0.000e+00  0.000e+00  0.000e+00  0.000e+00  0.000e+00  0.000e+00 
 3.91   0.00     8.356e-04 -4.000  1.769e-05 1.296 1.050e+13 -5.555e-29  1.000e+00  0.000e+00  0.000e+00  0.000e+00  0.000e+00  0.000e+00  0.000e+00  0.000e+00 
 3.90   0.00     8.356e-04 -4.000  1.491e-05 1.296 1.342e+13 -4.246e-29  1.000e+00  0.000e+00  0.000e+00  0.000e+00  0.000e+00  0.000e+00  0.000e+00  0.000e+00 
 3.89   0.00     8.356e-04 -4.000  1.261e-05 1.296 1.704e+13 -3.267e-29  1.000e+00  0.000e+00  0.000e+00  0.000e+00  0.000e+00  0.000e+00  0.000e+00  0.000e+00 
