#log[T] redshift massfrac  log[nh] ne/nh     mu    tcool     Lambdanet   ionf[ 1]   ionf[ 2]   ionf[ 3]   ionf[ 4]   ionf[ 5]   ionf[ 6]   ionf[ 7]   ionf[ 8]   ionf[ 9]   ionf[10]   ionf[11]   
 7.00   0.00     1.414e-03 -4.000  1.209e+00 0.618 4.728e+10 -3.181e-23  0.000e+00  0.000e+00  0.000e+00  0.000e+00  0.000e+00  0.000e+00  5.597e-08  4.312e-05  1.112e-02  1.005e-01  8.884e-01 
 6.99   0.00     1.414e-03 -4.000  1.209e+00 0.618 4.622e+10 -3.180e-23  0.000e+00  0.000e+00  0.000e+00  0.000e+00  0.000e+00  0.000e+00  6.543e-08  4.903e-05  1.240e-02  1.062e-01  8.814e-01 
 6.98   0.00     1.414e-03 -4.000  1.209e+00 0.618 4.522e+10 -3.177e-23  0.000e+00  0.000e+00  0.000e+00  0.000e+00  0.000e+00  0.000e+00  7.662e-08  5.586e-05  1.385e-02  1.123e-01  8.737e-01 
 6.97   0.00     1.414e-03 -4.000  1.209e+00 0.618 4.427e+10 -3.172e-23  0.000e+00  0.000e+00  0.000e+00  0.000e+00  0.000e+00  0.000e+00  8.976e-08  6.367e-05  1.549e-02  1.189e-01  8.656e-01 
 6.96   0.00     1.414e-03 -4.000  1.209e+00 0.618 4.338e+10 -3.162e-23  0.000e+00  0.000e+00  0.000e+00  0.000e+00  0.000e+00  0.000e+00  1.049e-07  7.230e-05  1.725e-02  1.256e-01  8.571e-01 
 6.95   0.00     1.414e-03 -4.000  1.209e+00 0.618 4.251e+10 -3.153e-23  0.000e+00  0.000e+00  0.000e+00  0.000e+00  0.000e+00  0.000e+00  1.228e-07  8.230e-05  1.927e-02  1.329e-01  8.478e-01 
 6.94   0.00     1.414e-03 -4.000  1.209e+00 0.618 4.169e+10 -3.142e-23  0.000e+00  0.000e+00  0.000e+00  0.000e+00  0.000e+00  0.000e+00  1.441e-07  9.392e-05  2.159e-02  1.406e-01  8.377e-01 
 6.93   0.00     1.414e-03 -4.000  1.209e+00 0.618 4.091e+10 -3.130e-23  0.000e+00  0.000e+00  0.000e+00  0.000e+00  0.000e+00  0.000e+00  1.691e-07  1.071e-04  2.418e-02  1.488e-01  8.269e-01 
 6.92   0.00     1.414e-03 -4.000  1.209e+00 0.618 4.016e+10 -3.115e-23  0.000e+00  0.000e+00  0.000e+00  0.000e+00  0.000e+00  1.160e-10  1.976e-07  1.217e-04  2.698e-02  1.573e-01  8.157e-01 
 6.91   0.00     1.414e-03 -4.000  1.209e+00 0.618 3.943e+10 -3.100e-23  0.000e+00  0.000e+00  0.000e+00  0.000e+00  0.000e+00  1.407e-10  2.316e-07  1.386e-04  3.017e-02  1.663e-01  8.034e-01 
 6.90   0.00     1.414e-03 -4.000  1.209e+00 0.618 3.874e+10 -3.084e-23  0.000e+00  0.000e+00  0.000e+00  0.000e+00  0.000e+00  1.710e-10  2.720e-07  1.583e-04  3.386e-02  1.759e-01  7.901e-01 
 6.89   0.00     1.414e-03 -4.000  1.209e+00 0.618 3.805e+10 -3.068e-23  0.000e+00  0.000e+00  0.000e+00  0.000e+00  0.000e+00  2.079e-10  3.193e-07  1.807e-04  3.797e-02  1.860e-01  7.759e-01 
 6.88   0.00     1.414e-03 -4.000  1.209e+00 0.618 3.740e+10 -3.051e-23  0.000e+00  0.000e+00  0.000e+00  0.000e+00  0.000e+00  2.520e-10  3.731e-07  2.049e-04  4.235e-02  1.962e-01  7.612e-01 
 6.87   0.00     1.414e-03 -4.000  1.209e+00 0.618 3.675e+10 -3.034e-23  0.000e+00  0.000e+00  0.000e+00  0.000e+00  0.000e+00  3.058e-10  4.370e-07  2.331e-04  4.739e-02  2.071e-01  7.452e-01 
 6.86   0.00     1.414e-03 -4.000  1.209e+00 0.618 3.612e+10 -3.017e-23  0.000e+00  0.000e+00  0.000e+00  0.000e+00  0.000e+00  3.721e-10  5.133e-07  2.661e-04  5.319e-02  2.187e-01  7.279e-01 
 6.85   0.00     1.414e-03 -4.000  1.209e+00 0.618 3.549e+10 -3.001e-23  0.000e+00  0.000e+00  0.000e+00  0.000e+00  0.000e+00  4.522e-10  6.021e-07  3.033e-04  5.962e-02  2.306e-01  7.094e-01 
 6.84   0.00     1.414e-03 -4.000  1.209e+00 0.618 3.487e+10 -2.985e-23  0.000e+00  0.000e+00  0.000e+00  0.000e+00  0.000e+00  5.473e-10  7.018e-07  3.430e-04  6.641e-02  2.424e-01  6.908e-01 
 6.83   0.00     1.414e-03 -4.000  1.209e+00 0.618 3.425e+10 -2.969e-23  0.000e+00  0.000e+00  0.000e+00  0.000e+00  0.000e+00  6.636e-10  8.203e-07  3.892e-04  7.418e-02  2.549e-01  6.706e-01 
 6.82   0.00     1.414e-03 -4.000  1.209e+00 0.618 3.363e+10 -2.955e-23  0.000e+00  0.000e+00  0.000e+00  0.000e+00  0.000e+00  8.060e-10  9.616e-07  4.431e-04  8.313e-02  2.679e-01  6.485e-01 
 6.81   0.00     1.414e-03 -4.000  1.209e+00 0.618 3.302e+10 -2.941e-23  0.000e+00  0.000e+00  0.000e+00  0.000e+00  0.000e+00  9.776e-10  1.125e-06  5.028e-04  9.294e-02  2.810e-01  6.255e-01 
 6.80   0.00     1.414e-03 -4.000  1.209e+00 0.618 3.240e+10 -2.930e-23  0.000e+00  0.000e+00  0.000e+00  0.000e+00  0.000e+00  1.179e-09  1.305e-06  5.659e-04  1.031e-01  2.936e-01  6.028e-01 
 6.79   0.00     1.414e-03 -4.000  1.209e+00 0.618 3.178e+10 -2.919e-23  0.000e+00  0.000e+00  0.000e+00  0.000e+00  0.000e+00  1.425e-09  1.518e-06  6.386e-04  1.147e-01  3.066e-01  5.781e-01 
 6.78   0.00     1.414e-03 -4.000  1.209e+00 0.618 3.115e+10 -2.910e-23  0.000e+00  0.000e+00  0.000e+00  0.000e+00  0.000e+00  1.724e-09  1.771e-06  7.229e-04  1.280e-01  3.198e-01  5.516e-01 
 6.77   0.00     1.414e-03 -4.000  1.209e+00 0.618 3.051e+10 -2.903e-23  0.000e+00  0.000e+00  0.000e+00  0.000e+00  0.000e+00  2.080e-09  2.058e-06  8.146e-04  1.422e-01  3.325e-01  5.245e-01 
 6.76   0.00     1.414e-03 -4.000  1.209e+00 0.618 2.988e+10 -2.896e-23  0.000e+00  0.000e+00  0.000e+00  0.000e+00  0.000e+00  2.494e-09  2.372e-06  9.097e-04  1.568e-01  3.442e-01  4.983e-01 
 6.75   0.00     1.414e-03 -4.000  1.209e+00 0.618 2.924e+10 -2.892e-23  0.000e+00  0.000e+00  0.000e+00  0.000e+00  0.000e+00  2.994e-09  2.740e-06  1.018e-03  1.731e-01  3.555e-01  4.703e-01 
 6.74   0.00     1.414e-03 -4.000  1.209e+00 0.618 2.860e+10 -2.890e-23  0.000e+00  0.000e+00  0.000e+00  0.000e+00  0.000e+00  3.598e-09  3.171e-06  1.142e-03  1.916e-01  3.666e-01  4.407e-01 
 6.73   0.00     1.414e-03 -4.000  1.209e+00 0.618 2.795e+10 -2.890e-23  0.000e+00  0.000e+00  0.000e+00  0.000e+00  0.000e+00  4.308e-09  3.651e-06  1.274e-03  2.110e-01  3.764e-01  4.113e-01 
 6.72   0.00     1.414e-03 -4.000  1.209e+00 0.618 2.731e+10 -2.890e-23  0.000e+00  0.000e+00  0.000e+00  0.000e+00  0.000e+00  5.120e-09  4.167e-06  1.407e-03  2.303e-01  3.846e-01  3.837e-01 
 6.71   0.00     1.414e-03 -4.000  1.209e+00 0.618 2.666e+10 -2.894e-23  0.000e+00  0.000e+00  0.000e+00  0.000e+00  0.000e+00  6.089e-09  4.763e-06  1.556e-03  2.517e-01  3.918e-01  3.549e-01 
 6.70   0.00     1.414e-03 -4.000  1.209e+00 0.618 2.599e+10 -2.900e-23  0.000e+00  0.000e+00  0.000e+00  0.000e+00  0.000e+00  7.247e-09  5.452e-06  1.724e-03  2.755e-01  3.977e-01  3.250e-01 
 6.69   0.00     1.414e-03 -4.000  1.209e+00 0.618 2.534e+10 -2.907e-23  0.000e+00  0.000e+00  0.000e+00  0.000e+00  0.000e+00  8.583e-09  6.204e-06  1.898e-03  2.998e-01  4.018e-01  2.966e-01 
 6.68   0.00     1.414e-03 -4.000  1.209e+00 0.618 2.468e+10 -2.916e-23  0.000e+00  0.000e+00  0.000e+00  0.000e+00  0.000e+00  1.009e-08  6.996e-06  2.068e-03  3.231e-01  4.040e-01  2.708e-01 
 6.67   0.00     1.414e-03 -4.000  1.209e+00 0.618 2.403e+10 -2.928e-23  0.000e+00  0.000e+00  0.000e+00  0.000e+00  0.000e+00  1.187e-08  7.896e-06  2.256e-03  3.487e-01  4.045e-01  2.445e-01 
 6.66   0.00     1.414e-03 -4.000  1.208e+00 0.618 2.335e+10 -2.944e-23  0.000e+00  0.000e+00  0.000e+00  0.000e+00  0.000e+00  1.396e-08  8.922e-06  2.464e-03  3.766e-01  4.029e-01  2.180e-01 
 6.65   0.00     1.414e-03 -4.000  1.208e+00 0.618 2.268e+10 -2.962e-23  0.000e+00  0.000e+00  0.000e+00  0.000e+00  0.000e+00  1.633e-08  1.002e-05  2.672e-03  4.040e-01  3.994e-01  1.938e-01 
 6.64   0.00     1.414e-03 -4.000  1.208e+00 0.618 2.201e+10 -2.983e-23  0.000e+00  0.000e+00  0.000e+00  0.000e+00  0.000e+00  1.898e-08  1.116e-05  2.869e-03  4.297e-01  3.946e-01  1.728e-01 
 6.63   0.00     1.414e-03 -4.000  1.208e+00 0.618 2.132e+10 -3.009e-23  0.000e+00  0.000e+00  0.000e+00  0.000e+00  0.000e+00  2.206e-08  1.242e-05  3.084e-03  4.573e-01  3.877e-01  1.521e-01 
 6.62   0.00     1.414e-03 -4.000  1.208e+00 0.618 2.062e+10 -3.041e-23  0.000e+00  0.000e+00  0.000e+00  0.000e+00  0.000e+00  2.564e-08  1.385e-05  3.318e-03  4.869e-01  3.782e-01  1.316e-01 
 6.61   0.00     1.414e-03 -4.000  1.208e+00 0.618 1.992e+10 -3.076e-23  0.000e+00  0.000e+00  0.000e+00  0.000e+00  0.000e+00  2.965e-08  1.534e-05  3.544e-03  5.150e-01  3.676e-01  1.138e-01 
 6.60   0.00     1.414e-03 -4.000  1.208e+00 0.618 1.922e+10 -3.115e-23  0.000e+00  0.000e+00  0.000e+00  0.000e+00  0.000e+00  3.410e-08  1.688e-05  3.753e-03  5.407e-01  3.566e-01  9.900e-02 
 6.59   0.00     1.414e-03 -4.000  1.208e+00 0.618 1.851e+10 -3.161e-23  0.000e+00  0.000e+00  0.000e+00  0.000e+00  0.000e+00  3.921e-08  1.858e-05  3.979e-03  5.677e-01  3.436e-01  8.472e-02 
 6.58   0.00     1.414e-03 -4.000  1.208e+00 0.618 1.779e+10 -3.216e-23  0.000e+00  0.000e+00  0.000e+00  0.000e+00  0.000e+00  4.508e-08  2.047e-05  4.221e-03  5.965e-01  3.282e-01  7.111e-02 
 6.57   0.00     1.414e-03 -4.000  1.208e+00 0.618 1.706e+10 -3.275e-23  0.000e+00  0.000e+00  0.000e+00  0.000e+00  0.000e+00  5.163e-08  2.242e-05  4.449e-03  6.229e-01  3.128e-01  5.984e-02 
 6.56   0.00     1.414e-03 -4.000  1.208e+00 0.618 1.635e+10 -3.340e-23  0.000e+00  0.000e+00  0.000e+00  0.000e+00  0.000e+00  5.889e-08  2.442e-05  4.658e-03  6.464e-01  2.981e-01  5.076e-02 
 6.55   0.00     1.414e-03 -4.000  1.208e+00 0.618 1.563e+10 -3.415e-23  0.000e+00  0.000e+00  0.000e+00  0.000e+00  0.000e+00  6.716e-08  2.663e-05  4.879e-03  6.710e-01  2.818e-01  4.225e-02 
 6.54   0.00     1.414e-03 -4.000  1.208e+00 0.618 1.489e+10 -3.500e-23  0.000e+00  0.000e+00  0.000e+00  0.000e+00  0.000e+00  7.659e-08  2.904e-05  5.114e-03  6.968e-01  2.637e-01  3.436e-02 
 6.53   0.00     1.414e-03 -4.000  1.208e+00 0.618 1.419e+10 -3.592e-23  0.000e+00  0.000e+00  0.000e+00  0.000e+00  1.167e-10  8.712e-08  3.154e-05  5.332e-03  7.198e-01  2.467e-01  2.814e-02 
 6.52   0.00     1.414e-03 -4.000  1.208e+00 0.618 1.350e+10 -3.689e-23  0.000e+00  0.000e+00  0.000e+00  0.000e+00  1.383e-10  9.883e-08  3.413e-05  5.531e-03  7.399e-01  2.312e-01  2.328e-02 
 6.51   0.00     1.414e-03 -4.000  1.208e+00 0.618 1.282e+10 -3.798e-23  0.000e+00  0.000e+00  0.000e+00  0.000e+00  1.639e-10  1.121e-07  3.695e-05  5.741e-03  7.608e-01  2.146e-01  1.884e-02 
 6.50   0.00     1.414e-03 -4.000  1.208e+00 0.618 1.214e+10 -3.919e-23  0.000e+00  0.000e+00  0.000e+00  0.000e+00  1.939e-10  1.272e-07  4.002e-05  5.963e-03  7.825e-01  1.967e-01  1.484e-02 
 6.49   0.00     1.414e-03 -4.000  1.208e+00 0.618 1.149e+10 -4.045e-23  0.000e+00  0.000e+00  0.000e+00  0.000e+00  2.296e-10  1.441e-07  4.323e-05  6.166e-03  8.012e-01  1.808e-01  1.182e-02 
 6.48   0.00     1.414e-03 -4.000  1.208e+00 0.618 1.088e+10 -4.173e-23  0.000e+00  0.000e+00  0.000e+00  0.000e+00  2.718e-10  1.631e-07  4.659e-05  6.355e-03  8.174e-01  1.667e-01  9.539e-03 
 6.47   0.00     1.414e-03 -4.000  1.208e+00 0.618 1.029e+10 -4.315e-23  0.000e+00  0.000e+00  0.000e+00  0.000e+00  3.214e-10  1.846e-07  5.022e-05  6.553e-03  8.339e-01  1.520e-01  7.507e-03 
 6.46   0.00     1.414e-03 -4.000  1.208e+00 0.618 9.707e+09 -4.467e-23  0.000e+00  0.000e+00  0.000e+00  0.000e+00  3.799e-10  2.090e-07  5.419e-05  6.762e-03  8.510e-01  1.364e-01  5.706e-03 
 6.45   0.00     1.414e-03 -4.000  1.208e+00 0.618 9.167e+09 -4.623e-23  0.000e+00  0.000e+00  0.000e+00  0.000e+00  4.499e-10  2.366e-07  5.837e-05  6.955e-03  8.653e-01  1.233e-01  4.424e-03 
 6.44   0.00     1.414e-03 -4.000  1.208e+00 0.618 8.659e+09 -4.783e-23  0.000e+00  0.000e+00  0.000e+00  0.000e+00  5.332e-10  2.678e-07  6.282e-05  7.139e-03  8.775e-01  1.118e-01  3.485e-03 
 6.43   0.00     1.414e-03 -4.000  1.208e+00 0.618 8.167e+09 -4.955e-23  0.000e+00  0.000e+00  0.000e+00  0.000e+00  6.316e-10  3.033e-07  6.765e-05  7.332e-03  8.898e-01  1.002e-01  2.662e-03 
 6.42   0.00     1.414e-03 -4.000  1.208e+00 0.618 7.690e+09 -5.144e-23  0.000e+00  0.000e+00  0.000e+00  0.000e+00  7.481e-10  3.436e-07  7.289e-05  7.537e-03  9.024e-01  8.801e-02  1.950e-03 
 6.41   0.00     1.414e-03 -4.000  1.208e+00 0.618 7.251e+09 -5.330e-23  0.000e+00  0.000e+00  0.000e+00  0.000e+00  8.888e-10  3.898e-07  7.855e-05  7.734e-03  9.126e-01  7.817e-02  1.470e-03 
 6.40   0.00     1.414e-03 -4.000  1.208e+00 0.618 6.841e+09 -5.520e-23  0.000e+00  0.000e+00  0.000e+00  0.000e+00  1.058e-09  4.428e-07  8.465e-05  7.927e-03  9.209e-01  6.988e-02  1.130e-03 
 6.39   0.00     1.414e-03 -4.000  1.208e+00 0.618 6.444e+09 -5.728e-23  0.000e+00  0.000e+00  0.000e+00  0.000e+00  1.259e-09  5.031e-07  9.130e-05  8.132e-03  9.295e-01  6.144e-02  8.376e-04 
 6.38   0.00     1.414e-03 -4.000  1.208e+00 0.618 6.057e+09 -5.955e-23  0.000e+00  0.000e+00  0.000e+00  0.000e+00  1.499e-09  5.721e-07  9.859e-05  8.350e-03  9.382e-01  5.282e-02  5.895e-04 
 6.37   0.00     1.414e-03 -4.000  1.208e+00 0.618 5.693e+09 -6.191e-23  0.000e+00  0.000e+00  0.000e+00  0.000e+00  1.791e-09  6.524e-07  1.066e-04  8.569e-03  9.447e-01  4.613e-02  4.318e-04 
 6.36   0.00     1.414e-03 -4.000  1.208e+00 0.618 5.347e+09 -6.442e-23  0.000e+00  0.000e+00  0.000e+00  0.000e+00  2.147e-09  7.454e-07  1.153e-04  8.795e-03  9.502e-01  4.061e-02  3.237e-04 
 6.35   0.00     1.414e-03 -4.000  1.208e+00 0.618 5.011e+09 -6.717e-23  0.000e+00  0.000e+00  0.000e+00  0.000e+00  2.574e-09  8.525e-07  1.249e-04  9.036e-03  9.556e-01  3.506e-02  2.323e-04 
 6.34   0.00     1.414e-03 -4.000  1.208e+00 0.618 4.686e+09 -7.019e-23  0.000e+00  0.000e+00  0.000e+00  0.000e+00  3.090e-09  9.761e-07  1.355e-04  9.293e-03  9.610e-01  2.946e-02  1.568e-04 
 6.33   0.00     1.414e-03 -4.000  1.208e+00 0.618 4.389e+09 -7.323e-23  0.000e+00  0.000e+00  0.000e+00  0.000e+00  3.728e-09  1.122e-06  1.473e-04  9.564e-03  9.649e-01  2.530e-02  1.115e-04 
 6.32   0.00     1.414e-03 -4.000  1.208e+00 0.618 4.113e+09 -7.637e-23  0.000e+00  0.000e+00  0.000e+00  0.000e+00  4.511e-09  1.292e-06  1.604e-04  9.852e-03  9.680e-01  2.194e-02  8.142e-05 
 6.31   0.00     1.414e-03 -4.000  1.208e+00 0.618 3.849e+09 -7.974e-23  0.000e+00  0.000e+00  0.000e+00  0.000e+00  5.466e-09  1.492e-06  1.750e-04  1.016e-02  9.711e-01  1.859e-02  5.652e-05 
 6.30   0.00     1.414e-03 -4.000  1.207e+00 0.618 3.599e+09 -8.336e-23  0.000e+00  0.000e+00  0.000e+00  0.000e+00  6.632e-09  1.726e-06  1.913e-04  1.050e-02  9.740e-01  1.525e-02  3.645e-05 
 6.29   0.00     1.414e-03 -4.000  1.207e+00 0.618 3.372e+09 -8.695e-23  0.000e+00  0.000e+00  0.000e+00  0.000e+00  8.093e-09  2.004e-06  2.097e-04  1.085e-02  9.760e-01  1.288e-02  2.514e-05 
 6.28   0.00     1.414e-03 -4.000  1.207e+00 0.618 3.162e+09 -9.059e-23  0.000e+00  0.000e+00  0.000e+00  0.000e+00  9.912e-09  2.333e-06  2.304e-04  1.125e-02  9.775e-01  1.100e-02  1.786e-05 
 6.27   0.00     1.414e-03 -4.000  1.207e+00 0.618 2.966e+09 -9.437e-23  0.000e+00  0.000e+00  0.000e+00  0.000e+00  1.216e-08  2.725e-06  2.536e-04  1.167e-02  9.789e-01  9.147e-03  1.197e-05 
 6.26   0.00     1.414e-03 -4.000  1.207e+00 0.618 2.784e+09 -9.829e-23  0.000e+00  0.000e+00  0.000e+00  0.000e+00  1.497e-08  3.188e-06  2.799e-04  1.213e-02  9.803e-01  7.323e-03  7.351e-06 
 6.25   0.00     1.414e-03 -4.000  1.207e+00 0.618 2.623e+09 -1.020e-22  0.000e+00  0.000e+00  0.000e+00  0.000e+00  1.851e-08  3.748e-06  3.099e-04  1.264e-02  9.809e-01  6.080e-03  4.915e-06 
 6.24   0.00     1.414e-03 -4.000  1.207e+00 0.618 2.477e+09 -1.055e-22  0.000e+00  0.000e+00  0.000e+00  0.000e+00  2.298e-08  4.420e-06  3.440e-04  1.318e-02  9.814e-01  5.112e-03  3.396e-06 
 6.23   0.00     1.414e-03 -4.000  1.207e+00 0.618 2.343e+09 -1.089e-22  0.000e+00  0.000e+00  0.000e+00  0.000e+00  2.861e-08  5.227e-06  3.827e-04  1.378e-02  9.817e-01  4.171e-03  2.193e-06 
 6.22   0.00     1.414e-03 -4.000  1.207e+00 0.618 2.218e+09 -1.125e-22  0.000e+00  0.000e+00  0.000e+00  0.000e+00  3.575e-08  6.202e-06  4.271e-04  1.443e-02  9.819e-01  3.248e-03  1.274e-06 
 6.21   0.00     1.414e-03 -4.000  1.207e+00 0.618 2.109e+09 -1.156e-22  0.000e+00  0.000e+00  0.000e+00  0.000e+00  4.486e-08  7.387e-06  4.780e-04  1.515e-02  9.817e-01  2.654e-03  8.254e-07 
 6.20   0.00     1.414e-03 -4.000  1.207e+00 0.618 2.010e+09 -1.185e-22  0.000e+00  0.000e+00  0.000e+00  0.000e+00  5.652e-08  8.829e-06  5.364e-04  1.593e-02  9.814e-01  2.198e-03  5.541e-07 
 6.19   0.00     1.414e-03 -4.000  1.207e+00 0.618 1.917e+09 -1.214e-22  0.000e+00  0.000e+00  0.000e+00  1.222e-10  7.149e-08  1.059e-05  6.038e-04  1.679e-02  9.808e-01  1.757e-03  3.440e-07 
 6.18   0.00     1.414e-03 -4.000  1.207e+00 0.618 1.832e+09 -1.243e-22  0.000e+00  0.000e+00  0.000e+00  1.624e-10  9.078e-08  1.275e-05  6.821e-04  1.773e-02  9.802e-01  1.325e-03  1.870e-07 
 6.17   0.00     1.414e-03 -4.000  1.207e+00 0.618 1.755e+09 -1.267e-22  0.000e+00  0.000e+00  0.000e+00  2.168e-10  1.157e-07  1.540e-05  7.718e-04  1.875e-02  9.794e-01  1.067e-03  1.178e-07 
 6.16   0.00     1.414e-03 -4.000  1.207e+00 0.618 1.684e+09 -1.290e-22  0.000e+00  0.000e+00  0.000e+00  2.905e-10  1.480e-07  1.865e-05  8.757e-04  1.987e-02  9.784e-01  8.706e-04  7.682e-08 
 6.15   0.00     1.414e-03 -4.000  1.207e+00 0.618 1.617e+09 -1.313e-22  0.000e+00  0.000e+00  0.000e+00  3.910e-10  1.901e-07  2.269e-05  9.972e-04  2.111e-02  9.772e-01  6.815e-04  4.572e-08 
 6.14   0.00     1.414e-03 -4.000  1.207e+00 0.618 1.553e+09 -1.336e-22  0.000e+00  0.000e+00  0.000e+00  5.292e-10  2.457e-07  2.776e-05  1.141e-03  2.248e-02  9.758e-01  4.953e-04  2.299e-08 
 6.13   0.00     1.414e-03 -4.000  1.207e+00 0.618 1.495e+09 -1.356e-22  0.000e+00  0.000e+00  0.000e+00  7.175e-10  3.177e-07  3.395e-05  1.304e-03  2.395e-02  9.743e-01  3.935e-04  1.409e-08 
 6.12   0.00     1.414e-03 -4.000  1.207e+00 0.618 1.441e+09 -1.375e-22  0.000e+00  0.000e+00  0.000e+00  9.768e-10  4.124e-07  4.167e-05  1.495e-03  2.556e-02  9.726e-01  3.163e-04  8.935e-09 
 6.11   0.00     1.414e-03 -4.000  1.207e+00 0.618 1.389e+09 -1.395e-22  0.000e+00  0.000e+00  0.000e+00  1.338e-09  5.385e-07  5.142e-05  1.723e-03  2.735e-02  9.706e-01  2.421e-04  5.085e-09 
 6.10   0.00     1.414e-03 -4.000  1.207e+00 0.618 1.337e+09 -1.415e-22  0.000e+00  0.000e+00  0.000e+00  1.844e-09  7.082e-07  6.388e-05  1.994e-03  2.936e-02  9.684e-01  1.694e-04  2.354e-09 
 6.09   0.00     1.414e-03 -4.000  1.207e+00 0.618 1.291e+09 -1.432e-22  0.000e+00  0.000e+00  0.000e+00  2.539e-09  9.291e-07  7.914e-05  2.304e-03  3.147e-02  9.660e-01  1.322e-04  1.393e-09 
 6.08   0.00     1.414e-03 -4.000  1.207e+00 0.618 1.247e+09 -1.449e-22  0.000e+00  0.000e+00  0.000e+00  3.511e-09  1.224e-06  9.838e-05  2.668e-03  3.379e-02  9.634e-01  1.047e-04  8.595e-10 
 6.07   0.00     1.414e-03 -4.000  1.207e+00 0.618 1.204e+09 -1.467e-22  0.000e+00  0.000e+00  0.000e+00  4.890e-09  1.624e-06  1.231e-04  3.106e-03  3.641e-02  9.603e-01  7.826e-05  4.661e-10 
 6.06   0.00     1.414e-03 -4.000  1.207e+00 0.618 1.162e+09 -1.485e-22  0.000e+00  0.000e+00  0.000e+00  6.869e-09  2.172e-06  1.553e-04  3.639e-03  3.935e-02  9.568e-01  5.248e-05  1.971e-10 
 6.05   0.00     1.414e-03 -4.000  1.207e+00 0.618 1.125e+09 -1.499e-22  0.000e+00  0.000e+00  0.000e+00  9.602e-09  2.890e-06  1.947e-04  4.241e-03  4.241e-02  9.531e-01  4.021e-05  1.122e-10 
 6.04   0.00     1.414e-03 -4.000  1.207e+00 0.618 1.089e+09 -1.513e-22  0.000e+00  0.000e+00  0.000e+00  1.348e-08  3.861e-06  2.450e-04  4.958e-03  4.578e-02  9.490e-01  3.133e-05  0.000e+00 
 6.03   0.00     1.414e-03 -4.000  1.207e+00 0.618 1.055e+09 -1.527e-22  0.000e+00  0.000e+00  0.000e+00  1.910e-08  5.204e-06  3.108e-04  5.831e-03  4.958e-02  9.443e-01  2.281e-05  0.000e+00 
 6.02   0.00     1.414e-03 -4.000  1.207e+00 0.618 1.022e+09 -1.540e-22  0.000e+00  0.000e+00  0.000e+00  2.734e-08  7.084e-06  3.979e-04  6.906e-03  5.391e-02  9.388e-01  1.460e-05  0.000e+00 
 6.01   0.00     1.414e-03 -4.000  1.207e+00 0.618 9.928e+08 -1.549e-22  0.000e+00  0.000e+00  0.000e+00  3.877e-08  9.551e-06  5.045e-04  8.116e-03  5.833e-02  9.330e-01  1.095e-05  0.000e+00 
 6.00   0.00     1.414e-03 -4.000  1.206e+00 0.618 9.660e+08 -1.556e-22  0.000e+00  0.000e+00  0.000e+00  5.524e-08  1.294e-05  6.423e-04  9.566e-03  6.320e-02  9.266e-01  8.376e-06  0.000e+00 
 5.99   0.00     1.414e-03 -4.000  1.206e+00 0.618 9.403e+08 -1.562e-22  0.000e+00  0.000e+00  0.000e+00  7.957e-08  1.770e-05  8.252e-04  1.135e-02  6.873e-02  9.191e-01  5.922e-06  0.000e+00 
 5.98   0.00     1.414e-03 -4.000  1.206e+00 0.618 9.160e+08 -1.567e-22  0.000e+00  0.000e+00  1.364e-10  1.159e-07  2.450e-05  1.071e-03  1.358e-02  7.504e-02  9.103e-01  3.598e-06  0.000e+00 
 5.97   0.00     1.414e-03 -4.000  1.206e+00 0.618 8.950e+08 -1.567e-22  0.000e+00  0.000e+00  2.059e-10  1.668e-07  3.345e-05  1.372e-03  1.606e-02  8.139e-02  9.012e-01  2.629e-06  0.000e+00 
 5.96   0.00     1.414e-03 -4.000  1.206e+00 0.618 8.754e+08 -1.565e-22  0.000e+00  0.000e+00  3.127e-10  2.410e-07  4.587e-05  1.764e-03  1.906e-02  8.834e-02  8.907e-01  1.969e-06  0.000e+00 
 5.95   0.00     1.414e-03 -4.000  1.206e+00 0.618 8.568e+08 -1.563e-22  0.000e+00  0.000e+00  4.805e-10  3.525e-07  6.364e-05  2.292e-03  2.279e-02  9.623e-02  8.786e-01  1.347e-06  0.000e+00 
 5.94   0.00     1.414e-03 -4.000  1.206e+00 0.618 8.389e+08 -1.561e-22  0.000e+00  0.000e+00  7.486e-10  5.226e-07  8.943e-05  3.012e-03  2.745e-02  1.052e-01  8.642e-01  7.671e-07  0.000e+00 
 5.93   0.00     1.414e-03 -4.000  1.206e+00 0.618 8.229e+08 -1.554e-22  0.000e+00  0.000e+00  1.145e-09  7.599e-07  1.233e-04  3.887e-03  3.261e-02  1.139e-01  8.494e-01  5.449e-07  0.000e+00 
 5.92   0.00     1.414e-03 -4.000  1.206e+00 0.618 8.074e+08 -1.548e-22  0.000e+00  0.000e+00  1.759e-09  1.110e-06  1.707e-04  5.035e-03  3.881e-02  1.234e-01  8.325e-01  3.979e-07  0.000e+00 
 5.91   0.00     1.414e-03 -4.000  1.206e+00 0.618 7.918e+08 -1.543e-22  0.000e+00  0.000e+00  2.740e-09  1.645e-06  2.394e-04  6.591e-03  4.654e-02  1.341e-01  8.125e-01  2.617e-07  0.000e+00 
 5.90   0.00     1.414e-03 -4.000  1.206e+00 0.618 7.758e+08 -1.538e-22  0.000e+00  0.000e+00  4.332e-09  2.471e-06  3.403e-04  8.730e-03  5.625e-02  1.460e-01  7.886e-01  1.367e-07  0.000e+00 
 5.89   0.00     1.414e-03 -4.000  1.206e+00 0.618 7.606e+08 -1.534e-22  0.000e+00  0.000e+00  6.665e-09  3.613e-06  4.709e-04  1.128e-02  6.665e-02  1.569e-01  7.646e-01  9.422e-08  0.000e+00 
 5.88   0.00     1.414e-03 -4.000  1.206e+00 0.618 7.447e+08 -1.530e-22  0.000e+00  0.000e+00  1.031e-08  5.308e-06  6.541e-04  1.462e-02  7.903e-02  1.685e-01  7.372e-01  6.663e-08  0.000e+00 
 5.87   0.00     1.414e-03 -4.000  1.206e+00 0.618 7.276e+08 -1.531e-22  0.000e+00  0.000e+00  1.615e-08  7.898e-06  9.199e-04  1.912e-02  9.423e-02  1.807e-01  7.050e-01  4.163e-08  0.000e+00 
 5.86   0.00     1.414e-03 -4.000  1.206e+00 0.618 7.088e+08 -1.536e-22  0.000e+00  0.000e+00  2.567e-08  1.192e-05  1.309e-03  2.528e-02  1.130e-01  1.936e-01  6.667e-01  1.927e-08  0.000e+00 
 5.85   0.00     1.414e-03 -4.000  1.206e+00 0.618 6.904e+08 -1.541e-22  0.000e+00  0.000e+00  3.928e-08  1.730e-05  1.797e-03  3.230e-02  1.320e-01  2.041e-01  6.298e-01  1.285e-08  0.000e+00 
 5.84   0.00     1.414e-03 -4.000  1.206e+00 0.618 6.707e+08 -1.550e-22  0.000e+00  0.000e+00  6.032e-08  2.522e-05  2.473e-03  4.131e-02  1.537e-01  2.138e-01  5.886e-01  8.686e-09  0.000e+00 
 5.83   0.00     1.414e-03 -4.000  1.206e+00 0.618 6.492e+08 -1.565e-22  0.000e+00  0.000e+00  9.361e-08  3.712e-05  3.430e-03  5.314e-02  1.792e-01  2.227e-01  5.414e-01  5.054e-09  0.000e+00 
 5.82   0.00     1.414e-03 -4.000  1.206e+00 0.618 6.256e+08 -1.587e-22  0.000e+00  0.000e+00  1.469e-07  5.522e-05  4.803e-03  6.877e-02  2.091e-01  2.299e-01  4.875e-01  1.963e-09  0.000e+00 
 5.81   0.00     1.414e-03 -4.000  1.206e+00 0.618 6.038e+08 -1.606e-22  0.000e+00  1.075e-10  2.192e-07  7.811e-05  6.407e-03  8.520e-02  2.357e-01  2.327e-01  4.399e-01  1.263e-09  0.000e+00 
 5.80   0.00     1.414e-03 -4.000  1.206e+00 0.618 5.814e+08 -1.631e-22  0.000e+00  1.691e-10  3.274e-07  1.106e-04  8.541e-03  1.052e-01  2.639e-01  2.328e-01  3.895e-01  7.988e-10  0.000e+00 
 5.79   0.00     1.414e-03 -4.000  1.206e+00 0.618 5.580e+08 -1.660e-22  0.000e+00  2.674e-10  4.915e-07  1.572e-04  1.142e-02  1.299e-01  2.936e-01  2.293e-01  3.356e-01  4.216e-10  0.000e+00 
 5.78   0.00     1.414e-03 -4.000  1.206e+00 0.618 5.340e+08 -1.695e-22  0.000e+00  4.247e-10  7.412e-07  2.243e-04  1.529e-02  1.600e-01  3.236e-01  2.215e-01  2.794e-01  1.340e-10  0.000e+00 
 5.77   0.00     1.414e-03 -4.000  1.206e+00 0.618 5.139e+08 -1.721e-22  0.000e+00  6.389e-10  1.058e-06  3.033e-04  1.946e-02  1.884e-01  3.453e-01  2.110e-01  2.356e-01  0.000e+00  0.000e+00 
 5.76   0.00     1.414e-03 -4.000  1.206e+00 0.618 4.945e+08 -1.749e-22  0.000e+00  9.596e-10  1.508e-06  4.089e-04  2.465e-02  2.203e-01  3.641e-01  1.973e-01  1.933e-01  0.000e+00  0.000e+00 
 5.75   0.00     1.414e-03 -4.000  1.206e+00 0.618 4.753e+08 -1.777e-22  0.000e+00  1.444e-09  2.152e-06  5.517e-04  3.118e-02  2.561e-01  3.790e-01  1.802e-01  1.529e-01  0.000e+00  0.000e+00 
 5.74   0.00     1.414e-03 -4.000  1.206e+00 0.618 4.571e+08 -1.806e-22  0.000e+00  2.174e-09  3.071e-06  7.434e-04  3.931e-02  2.954e-01  3.886e-01  1.603e-01  1.157e-01  0.000e+00  0.000e+00 
 5.73   0.00     1.414e-03 -4.000  1.206e+00 0.618 4.422e+08 -1.824e-22  0.000e+00  3.118e-09  4.177e-06  9.563e-04  4.745e-02  3.289e-01  3.898e-01  1.425e-01  9.031e-02  0.000e+00  0.000e+00 
 5.72   0.00     1.414e-03 -4.000  1.206e+00 0.618 4.282e+08 -1.841e-22  0.000e+00  4.466e-09  5.672e-06  1.227e-03  5.703e-02  3.633e-01  3.860e-01  1.241e-01  6.840e-02  0.000e+00  0.000e+00 
 5.71   0.00     1.414e-03 -4.000  1.206e+00 0.618 4.148e+08 -1.858e-22  0.000e+00  6.416e-09  7.717e-06  1.575e-03  6.842e-02  3.985e-01  3.766e-01  1.052e-01  4.961e-02  0.000e+00  0.000e+00 
 5.70   0.00     1.414e-03 -4.000  1.206e+00 0.618 4.020e+08 -1.873e-22  0.000e+00  9.228e-09  1.050e-05  2.021e-03  8.184e-02  4.338e-01  3.615e-01  8.660e-02  3.427e-02  0.000e+00  0.000e+00 
 5.69   0.00     1.414e-03 -4.000  1.206e+00 0.618 3.913e+08 -1.881e-22  0.000e+00  1.276e-08  1.376e-05  2.500e-03  9.472e-02  4.611e-01  3.442e-01  7.253e-02  2.498e-02  0.000e+00  0.000e+00 
 5.68   0.00     1.414e-03 -4.000  1.206e+00 0.618 3.809e+08 -1.887e-22  0.000e+00  1.766e-08  1.804e-05  3.090e-03  1.094e-01  4.867e-01  3.237e-01  5.948e-02  1.764e-02  0.000e+00  0.000e+00 
 5.67   0.00     1.414e-03 -4.000  1.206e+00 0.618 3.706e+08 -1.896e-22  0.000e+00  2.458e-08  2.375e-05  3.830e-03  1.262e-01  5.109e-01  2.998e-01  4.735e-02  1.185e-02  0.000e+00  0.000e+00 
 5.66   0.00     1.414e-03 -4.000  1.206e+00 0.618 3.603e+08 -1.906e-22  0.000e+00  3.433e-08  3.136e-05  4.755e-03  1.454e-01  5.326e-01  2.731e-01  3.651e-02  7.557e-03  0.000e+00  0.000e+00 
 5.65   0.00     1.414e-03 -4.000  1.206e+00 0.618 3.509e+08 -1.912e-22  0.000e+00  4.633e-08  4.006e-05  5.725e-03  1.634e-01  5.467e-01  2.498e-01  2.913e-02  5.200e-03  0.000e+00  0.000e+00 
 5.64   0.00     1.414e-03 -4.000  1.206e+00 0.618 3.414e+08 -1.921e-22  0.000e+00  6.274e-08  5.132e-05  6.902e-03  1.833e-01  5.580e-01  2.256e-01  2.273e-02  3.455e-03  0.000e+00  0.000e+00 
 5.63   0.00     1.414e-03 -4.000  1.206e+00 0.618 3.313e+08 -1.934e-22  0.000e+00  8.562e-08  6.617e-05  8.359e-03  2.059e-01  5.662e-01  2.002e-01  1.713e-02  2.167e-03  0.000e+00  0.000e+00 
 5.62   0.00     1.414e-03 -4.000  1.206e+00 0.618 3.204e+08 -1.954e-22  0.000e+00  1.174e-07  8.566e-05  1.015e-02  2.310e-01  5.705e-01  1.746e-01  1.246e-02  1.280e-03  0.000e+00  0.000e+00 
 5.61   0.00     1.414e-03 -4.000  1.206e+00 0.619 3.103e+08 -1.972e-22  0.000e+00  1.559e-07  1.075e-04  1.199e-02  2.536e-01  5.696e-01  1.543e-01  9.529e-03  8.367e-04  0.000e+00  0.000e+00 
 5.60   0.00     1.414e-03 -4.000  1.206e+00 0.619 2.994e+08 -1.997e-22  0.000e+00  2.081e-07  1.355e-04  1.419e-02  2.782e-01  5.654e-01  1.345e-01  7.104e-03  5.252e-04  0.000e+00  0.000e+00 
 5.59   0.00     1.414e-03 -4.000  1.206e+00 0.619 2.873e+08 -2.034e-22  0.000e+00  2.801e-07  1.723e-04  1.689e-02  3.056e-01  5.571e-01  1.149e-01  5.081e-03  3.079e-04  0.000e+00  0.000e+00 
 5.58   0.00     1.414e-03 -4.000  1.206e+00 0.619 2.739e+08 -2.085e-22  0.000e+00  3.796e-07  2.200e-04  2.017e-02  3.354e-01  5.445e-01  9.596e-02  3.482e-03  1.677e-04  0.000e+00  0.000e+00 
 5.57   0.00     1.414e-03 -4.000  1.205e+00 0.619 2.614e+08 -2.135e-22  0.000e+00  4.973e-07  2.722e-04  2.342e-02  3.609e-01  5.304e-01  8.231e-02  2.563e-03  1.046e-04  0.000e+00  0.000e+00 
 5.56   0.00     1.414e-03 -4.000  1.205e+00 0.619 2.478e+08 -2.201e-22  0.000e+00  6.560e-07  3.389e-04  2.731e-02  3.882e-01  5.129e-01  6.934e-02  1.827e-03  6.204e-05  0.000e+00  0.000e+00 
 5.55   0.00     1.414e-03 -4.000  1.205e+00 0.619 2.327e+08 -2.290e-22  0.000e+00  8.743e-07  4.255e-04  3.203e-02  4.179e-01  4.914e-01  5.696e-02  1.239e-03  3.387e-05  0.000e+00  0.000e+00 
 5.54   0.00     1.414e-03 -4.000  1.205e+00 0.619 2.163e+08 -2.408e-22  1.236e-10  1.174e-06  5.375e-04  3.770e-02  4.495e-01  4.660e-01  4.555e-02  7.961e-04  1.687e-05  0.000e+00  0.000e+00 
 5.53   0.00     1.414e-03 -4.000  1.205e+00 0.619 2.020e+08 -2.520e-22  1.657e-10  1.519e-06  6.567e-04  4.313e-02  4.745e-01  4.432e-01  3.794e-02  5.655e-04  1.008e-05  0.000e+00  0.000e+00 
 5.52   0.00     1.414e-03 -4.000  1.205e+00 0.619 1.870e+08 -2.660e-22  2.245e-10  1.984e-06  8.081e-04  4.958e-02  5.008e-01  4.175e-01  3.088e-02  3.851e-04  5.635e-06  0.000e+00  0.000e+00 
 5.51   0.00     1.414e-03 -4.000  1.205e+00 0.619 1.712e+08 -2.838e-22  3.076e-10  2.621e-06  1.004e-03  5.733e-02  5.283e-01  3.887e-01  2.435e-02  2.467e-04  2.850e-06  0.000e+00  0.000e+00 
 5.50   0.00     1.414e-03 -4.000  1.205e+00 0.619 1.554e+08 -3.057e-22  4.253e-10  3.493e-06  1.256e-03  6.657e-02  5.564e-01  3.570e-01  1.857e-02  1.475e-04  1.282e-06  0.000e+00  0.000e+00 
 5.49   0.00     1.414e-03 -4.000  1.205e+00 0.619 1.429e+08 -3.247e-22  5.636e-10  4.468e-06  1.516e-03  7.505e-02  5.767e-01  3.316e-01  1.503e-02  1.012e-04  7.356e-07  0.000e+00  0.000e+00 
 5.48   0.00     1.414e-03 -4.000  1.205e+00 0.619 1.307e+08 -3.469e-22  7.559e-10  5.783e-06  1.846e-03  8.508e-02  5.970e-01  3.042e-01  1.180e-02  6.570e-05  3.869e-07  0.000e+00  0.000e+00 
 5.47   0.00     1.414e-03 -4.000  1.205e+00 0.619 1.190e+08 -3.727e-22  1.027e-09  7.577e-06  2.270e-03  9.705e-02  6.170e-01  2.747e-01  8.912e-03  3.957e-05  1.801e-07  0.000e+00  0.000e+00 
 5.46   0.00     1.414e-03 -4.000  1.205e+00 0.619 1.080e+08 -4.010e-22  1.409e-09  1.002e-05  2.812e-03  1.111e-01  6.358e-01  2.439e-01  6.451e-03  2.187e-05  7.232e-08  0.000e+00  0.000e+00 
 5.45   0.00     1.414e-03 -4.000  1.205e+00 0.619 1.004e+08 -4.215e-22  1.847e-09  1.269e-05  3.354e-03  1.235e-01  6.468e-01  2.212e-01  5.074e-03  1.450e-05  3.992e-08  0.000e+00  0.000e+00 
 5.44   0.00     1.414e-03 -4.000  1.205e+00 0.619 9.334e+07 -4.431e-22  2.454e-09  1.628e-05  4.044e-03  1.381e-01  6.565e-01  1.974e-01  3.837e-03  8.951e-06  1.967e-08  0.000e+00  0.000e+00 
 5.43   0.00     1.414e-03 -4.000  1.205e+00 0.619 8.696e+07 -4.647e-22  3.308e-09  2.116e-05  4.926e-03  1.554e-01  6.643e-01  1.726e-01  2.766e-03  5.046e-06  8.372e-09  0.000e+00  0.000e+00 
 5.42   0.00     1.414e-03 -4.000  1.205e+00 0.619 8.147e+07 -4.847e-22  4.493e-09  2.772e-05  6.035e-03  1.752e-01  6.688e-01  1.480e-01  1.904e-03  2.593e-06  3.034e-09  0.000e+00  0.000e+00 
 5.41   0.00     1.414e-03 -4.000  1.204e+00 0.619 7.778e+07 -4.961e-22  5.841e-09  3.484e-05  7.137e-03  1.924e-01  6.681e-01  1.308e-01  1.446e-03  1.641e-06  1.578e-09  0.000e+00  0.000e+00 
 5.40   0.00     1.414e-03 -4.000  1.204e+00 0.619 7.446e+07 -5.064e-22  7.698e-09  4.435e-05  8.523e-03  2.122e-01  6.647e-01  1.134e-01  1.051e-03  9.588e-07  7.245e-10  0.000e+00  0.000e+00 
 5.39   0.00     1.414e-03 -4.000  1.204e+00 0.619 7.153e+07 -5.153e-22  1.030e-08  5.724e-05  1.028e-02  2.355e-01  6.577e-01  9.582e-02  7.204e-04  5.029e-07  2.796e-10  0.000e+00  0.000e+00 
 5.38   0.00     1.414e-03 -4.000  1.204e+00 0.619 6.902e+07 -5.218e-22  1.386e-08  7.437e-05  1.247e-02  2.615e-01  6.463e-01  7.921e-02  4.700e-04  2.389e-07  0.000e+00  0.000e+00  0.000e+00 
 5.37   0.00     1.414e-03 -4.000  1.204e+00 0.619 6.723e+07 -5.235e-22  1.787e-08  9.274e-05  1.461e-02  2.833e-01  6.334e-01  6.814e-02  3.438e-04  1.437e-07  0.000e+00  0.000e+00  0.000e+00 
 5.36   0.00     1.414e-03 -4.000  1.204e+00 0.619 6.556e+07 -5.246e-22  2.335e-08  1.171e-04  1.727e-02  3.083e-01  6.168e-01  5.723e-02  2.392e-04  7.923e-08  0.000e+00  0.000e+00  0.000e+00 
 5.35   0.00     1.414e-03 -4.000  1.204e+00 0.619 6.398e+07 -5.252e-22  3.099e-08  1.501e-04  2.065e-02  3.370e-01  5.955e-01  4.656e-02  1.551e-04  3.839e-08  0.000e+00  0.000e+00  0.000e+00 
 5.34   0.00     1.414e-03 -4.000  1.204e+00 0.619 6.252e+07 -5.253e-22  4.134e-08  1.933e-04  2.476e-02  3.680e-01  5.701e-01  3.695e-02  9.526e-05  1.665e-08  0.000e+00  0.000e+00  0.000e+00 
 5.33   0.00     1.414e-03 -4.000  1.204e+00 0.619 6.130e+07 -5.235e-22  5.277e-08  2.388e-04  2.870e-02  3.930e-01  5.471e-01  3.087e-02  6.700e-05  9.517e-09  0.000e+00  0.000e+00  0.000e+00 
 5.32   0.00     1.414e-03 -4.000  1.204e+00 0.619 6.007e+07 -5.220e-22  6.826e-08  2.987e-04  3.356e-02  4.209e-01  5.202e-01  2.505e-02  4.449e-05  4.929e-09  0.000e+00  0.000e+00  0.000e+00 
 5.31   0.00     1.414e-03 -4.000  1.204e+00 0.619 5.878e+07 -5.213e-22  8.976e-08  3.794e-04  3.965e-02  4.520e-01  4.884e-01  1.953e-02  2.711e-05  2.184e-09  0.000e+00  0.000e+00  0.000e+00 
 5.30   0.00     1.414e-03 -4.000  1.204e+00 0.619 5.747e+07 -5.211e-22  1.185e-07  4.837e-04  4.693e-02  4.844e-01  4.533e-01  1.477e-02  1.548e-05  8.499e-10  0.000e+00  0.000e+00  0.000e+00 
 5.29   0.00     1.414e-03 -4.000  1.204e+00 0.619 5.634e+07 -5.195e-22  1.493e-07  5.907e-04  5.370e-02  5.087e-01  4.251e-01  1.197e-02  1.047e-05  4.624e-10  0.000e+00  0.000e+00  0.000e+00 
 5.28   0.00     1.414e-03 -4.000  1.204e+00 0.619 5.514e+07 -5.186e-22  1.909e-07  7.307e-04  6.194e-02  5.347e-01  3.933e-01  9.349e-03  6.603e-06  2.239e-10  0.000e+00  0.000e+00  0.000e+00 
 5.27   0.00     1.414e-03 -4.000  1.203e+00 0.619 5.388e+07 -5.186e-22  2.481e-07  9.180e-04  7.218e-02  5.625e-01  3.574e-01  6.934e-03  3.745e-06  0.000e+00  0.000e+00  0.000e+00  0.000e+00 
 5.26   0.00     1.414e-03 -4.000  1.203e+00 0.619 5.263e+07 -5.189e-22  3.233e-07  1.157e-03  8.415e-02  5.895e-01  3.203e-01  4.960e-03  1.964e-06  0.000e+00  0.000e+00  0.000e+00  0.000e+00 
 5.25   0.00     1.414e-03 -4.000  1.203e+00 0.619 5.159e+07 -5.173e-22  4.015e-07  1.392e-03  9.482e-02  6.072e-01  2.927e-01  3.891e-03  1.277e-06  0.000e+00  0.000e+00  0.000e+00  0.000e+00 
 5.24   0.00     1.414e-03 -4.000  1.203e+00 0.619 5.053e+07 -5.161e-22  5.062e-07  1.700e-03  1.077e-01  6.249e-01  2.627e-01  2.914e-03  7.615e-07  0.000e+00  0.000e+00  0.000e+00  0.000e+00 
 5.23   0.00     1.414e-03 -4.000  1.203e+00 0.619 4.944e+07 -5.153e-22  6.492e-07  2.109e-03  1.236e-01  6.422e-01  2.301e-01  2.044e-03  3.985e-07  0.000e+00  0.000e+00  0.000e+00  0.000e+00 
 5.22   0.00     1.414e-03 -4.000  1.203e+00 0.619 4.840e+07 -5.145e-22  8.341e-07  2.619e-03  1.415e-01  6.564e-01  1.981e-01  1.372e-03  1.894e-07  0.000e+00  0.000e+00  0.000e+00  0.000e+00 
 5.21   0.00     1.414e-03 -4.000  1.203e+00 0.619 4.755e+07 -5.118e-22  1.019e-06  3.109e-03  1.569e-01  6.626e-01  1.764e-01  1.042e-03  1.187e-07  0.000e+00  0.000e+00  0.000e+00  0.000e+00 
 5.20   0.00     1.414e-03 -4.000  1.203e+00 0.619 4.666e+07 -5.096e-22  1.267e-06  3.744e-03  1.755e-01  6.668e-01  1.532e-01  7.460e-04  6.662e-08  0.000e+00  0.000e+00  0.000e+00  0.000e+00 
 5.19   0.00     1.414e-03 -4.000  1.203e+00 0.619 4.573e+07 -5.082e-22  1.602e-06  4.583e-03  1.978e-01  6.682e-01  1.290e-01  4.924e-04  3.190e-08  0.000e+00  0.000e+00  0.000e+00  0.000e+00 
 5.18   0.00     1.414e-03 -4.000  1.202e+00 0.619 4.477e+07 -5.071e-22  2.028e-06  5.613e-03  2.227e-01  6.651e-01  1.063e-01  3.084e-04  1.360e-08  0.000e+00  0.000e+00  0.000e+00  0.000e+00 
 5.17   0.00     1.414e-03 -4.000  1.202e+00 0.619 4.395e+07 -5.048e-22  2.442e-06  6.569e-03  2.430e-01  6.580e-01  9.215e-02  2.267e-04  8.216e-09  0.000e+00  0.000e+00  0.000e+00  0.000e+00 
 5.16   0.00     1.414e-03 -4.000  1.202e+00 0.619 4.304e+07 -5.037e-22  2.992e-06  7.808e-03  2.673e-01  6.473e-01  7.741e-02  1.547e-04  4.325e-09  0.000e+00  0.000e+00  0.000e+00  0.000e+00 
 5.15   0.00     1.414e-03 -4.000  1.202e+00 0.619 4.201e+07 -5.043e-22  3.732e-06  9.431e-03  2.962e-01  6.318e-01  6.241e-02  9.553e-05  1.880e-09  0.000e+00  0.000e+00  0.000e+00  0.000e+00 
 5.14   0.00     1.414e-03 -4.000  1.202e+00 0.620 4.090e+07 -5.061e-22  4.655e-06  1.138e-02  3.276e-01  6.119e-01  4.914e-02  5.556e-05  7.124e-10  0.000e+00  0.000e+00  0.000e+00  0.000e+00 
 5.13   0.00     1.414e-03 -4.000  1.201e+00 0.620 3.994e+07 -5.064e-22  5.524e-06  1.315e-02  3.522e-01  5.932e-01  4.146e-02  3.946e-05  4.136e-10  0.000e+00  0.000e+00  0.000e+00  0.000e+00 
 5.12   0.00     1.414e-03 -4.000  1.201e+00 0.620 3.884e+07 -5.088e-22  6.674e-06  1.543e-02  3.811e-01  5.699e-01  3.360e-02  2.558e-05  2.033e-10  0.000e+00  0.000e+00  0.000e+00  0.000e+00 
 5.11   0.00     1.414e-03 -4.000  1.201e+00 0.620 3.761e+07 -5.135e-22  8.206e-06  1.838e-02  4.148e-01  5.408e-01  2.587e-02  1.471e-05  0.000e+00  0.000e+00  0.000e+00  0.000e+00  0.000e+00 
 5.10   0.00     1.414e-03 -4.000  1.200e+00 0.620 3.631e+07 -5.196e-22  1.007e-05  2.187e-02  4.500e-01  5.087e-01  1.940e-02  7.910e-06  0.000e+00  0.000e+00  0.000e+00  0.000e+00  0.000e+00 
 5.09   0.00     1.414e-03 -4.000  1.200e+00 0.620 3.525e+07 -5.229e-22  1.179e-05  2.494e-02  4.764e-01  4.828e-01  1.588e-02  5.392e-06  0.000e+00  0.000e+00  0.000e+00  0.000e+00  0.000e+00 
 5.08   0.00     1.414e-03 -4.000  1.200e+00 0.620 3.410e+07 -5.282e-22  1.404e-05  2.885e-02  5.067e-01  4.521e-01  1.238e-02  3.308e-06  0.000e+00  0.000e+00  0.000e+00  0.000e+00  0.000e+00 
 5.07   0.00     1.414e-03 -4.000  1.199e+00 0.620 3.286e+07 -5.354e-22  1.701e-05  3.389e-02  5.410e-01  4.161e-01  9.047e-03  1.753e-06  0.000e+00  0.000e+00  0.000e+00  0.000e+00  0.000e+00 
 5.06   0.00     1.414e-03 -4.000  1.198e+00 0.621 3.169e+07 -5.426e-22  2.050e-05  3.964e-02  5.746e-01  3.792e-01  6.450e-03  8.709e-07  0.000e+00  0.000e+00  0.000e+00  0.000e+00  0.000e+00 
 5.05   0.00     1.414e-03 -4.000  1.197e+00 0.621 3.079e+07 -5.453e-22  2.366e-05  4.461e-02  5.987e-01  3.516e-01  5.098e-03  5.643e-07  0.000e+00  0.000e+00  0.000e+00  0.000e+00  0.000e+00 
 5.04   0.00     1.414e-03 -4.000  1.197e+00 0.621 2.990e+07 -5.487e-22  2.773e-05  5.086e-02  6.250e-01  3.203e-01  3.810e-03  3.261e-07  0.000e+00  0.000e+00  0.000e+00  0.000e+00  0.000e+00 
 5.03   0.00     1.414e-03 -4.000  1.195e+00 0.621 2.899e+07 -5.528e-22  3.308e-05  5.887e-02  6.536e-01  2.849e-01  2.626e-03  1.576e-07  0.000e+00  0.000e+00  0.000e+00  0.000e+00  0.000e+00 
 5.02   0.00     1.414e-03 -4.000  1.194e+00 0.622 2.819e+07 -5.551e-22  3.918e-05  6.773e-02  6.794e-01  2.510e-01  1.767e-03  7.124e-08  0.000e+00  0.000e+00  0.000e+00  0.000e+00  0.000e+00 
 5.01   0.00     1.414e-03 -4.000  1.193e+00 0.622 2.764e+07 -5.529e-22  4.456e-05  7.518e-02  6.962e-01  2.273e-01  1.349e-03  4.401e-08  0.000e+00  0.000e+00  0.000e+00  0.000e+00  0.000e+00 
 5.00   0.00     1.414e-03 -4.000  1.191e+00 0.623 2.711e+07 -5.507e-22  5.143e-05  8.450e-02  7.133e-01  2.012e-01  9.645e-04  2.386e-08  0.000e+00  0.000e+00  0.000e+00  0.000e+00  0.000e+00 
 4.99   0.00     1.414e-03 -4.000  1.189e+00 0.623 2.657e+07 -5.485e-22  6.045e-05  9.644e-02  7.305e-01  1.724e-01  6.227e-04  1.040e-08  0.000e+00  0.000e+00  0.000e+00  0.000e+00  0.000e+00 
 4.98   0.00     1.414e-03 -4.000  1.187e+00 0.624 2.611e+07 -5.448e-22  7.046e-05  1.093e-01  7.436e-01  1.467e-01  3.927e-04  4.206e-09  0.000e+00  0.000e+00  0.000e+00  0.000e+00  0.000e+00 
 4.97   0.00     1.414e-03 -4.000  1.184e+00 0.624 2.582e+07 -5.379e-22  7.904e-05  1.198e-01  7.500e-01  1.298e-01  2.903e-04  2.492e-09  0.000e+00  0.000e+00  0.000e+00  0.000e+00  0.000e+00 
 4.96   0.00     1.414e-03 -4.000  1.181e+00 0.625 2.554e+07 -5.309e-22  9.002e-05  1.329e-01  7.551e-01  1.116e-01  1.981e-04  1.264e-09  0.000e+00  0.000e+00  0.000e+00  0.000e+00  0.000e+00 
 4.95   0.00     1.414e-03 -4.000  1.178e+00 0.626 2.524e+07 -5.241e-22  1.045e-04  1.499e-01  7.578e-01  9.207e-02  1.190e-04  4.911e-10  0.000e+00  0.000e+00  0.000e+00  0.000e+00  0.000e+00 
 4.94   0.00     1.414e-03 -4.000  1.174e+00 0.627 2.500e+07 -5.161e-22  1.202e-04  1.677e-01  7.565e-01  7.552e-02  6.987e-05  1.710e-10  0.000e+00  0.000e+00  0.000e+00  0.000e+00  0.000e+00 
 4.93   0.00     1.414e-03 -4.000  1.170e+00 0.628 2.490e+07 -5.057e-22  1.332e-04  1.818e-01  7.525e-01  6.543e-02  5.006e-05  0.000e+00  0.000e+00  0.000e+00  0.000e+00  0.000e+00  0.000e+00 
 4.92   0.00     1.414e-03 -4.000  1.166e+00 0.629 2.481e+07 -4.949e-22  1.500e-04  1.997e-01  7.455e-01  5.464e-02  3.250e-05  0.000e+00  0.000e+00  0.000e+00  0.000e+00  0.000e+00  0.000e+00 
 4.91   0.00     1.414e-03 -4.000  1.160e+00 0.631 2.477e+07 -4.834e-22  1.723e-04  2.229e-01  7.336e-01  4.325e-02  1.804e-05  0.000e+00  0.000e+00  0.000e+00  0.000e+00  0.000e+00  0.000e+00 
 4.90   0.00     1.414e-03 -4.000  1.155e+00 0.633 2.480e+07 -4.705e-22  1.959e-04  2.467e-01  7.189e-01  3.414e-02  9.780e-06  0.000e+00  0.000e+00  0.000e+00  0.000e+00  0.000e+00  0.000e+00 
 4.89   0.00     1.414e-03 -4.000  1.151e+00 0.634 2.495e+07 -4.563e-22  2.150e-04  2.651e-01  7.058e-01  2.893e-02  6.776e-06  0.000e+00  0.000e+00  0.000e+00  0.000e+00  0.000e+00  0.000e+00 
 4.88   0.00     1.414e-03 -4.000  1.146e+00 0.635 2.516e+07 -4.411e-22  2.399e-04  2.885e-01  6.878e-01  2.341e-02  4.164e-06  0.000e+00  0.000e+00  0.000e+00  0.000e+00  0.000e+00  0.000e+00 
 4.87   0.00     1.414e-03 -4.000  1.140e+00 0.636 2.549e+07 -4.244e-22  2.728e-04  3.188e-01  6.632e-01  1.770e-02  2.113e-06  0.000e+00  0.000e+00  0.000e+00  0.000e+00  0.000e+00  0.000e+00 
 4.86   0.00     1.414e-03 -4.000  1.135e+00 0.638 2.590e+07 -4.072e-22  3.069e-04  3.492e-01  6.372e-01  1.339e-02  1.047e-06  0.000e+00  0.000e+00  0.000e+00  0.000e+00  0.000e+00  0.000e+00 
 4.85   0.00     1.414e-03 -4.000  1.130e+00 0.639 2.635e+07 -3.906e-22  3.340e-04  3.719e-01  6.167e-01  1.106e-02  6.960e-07  0.000e+00  0.000e+00  0.000e+00  0.000e+00  0.000e+00  0.000e+00 
 4.84   0.00     1.414e-03 -4.000  1.126e+00 0.640 2.691e+07 -3.730e-22  3.691e-04  4.007e-01  5.903e-01  8.626e-03  4.014e-07  0.000e+00  0.000e+00  0.000e+00  0.000e+00  0.000e+00  0.000e+00 
 4.83   0.00     1.414e-03 -4.000  1.122e+00 0.642 2.761e+07 -3.544e-22  4.153e-04  4.379e-01  5.556e-01  6.184e-03  1.836e-07  0.000e+00  0.000e+00  0.000e+00  0.000e+00  0.000e+00  0.000e+00 
 4.82   0.00     1.414e-03 -4.000  1.117e+00 0.643 2.835e+07 -3.367e-22  4.619e-04  4.736e-01  5.215e-01  4.450e-03  8.213e-08  0.000e+00  0.000e+00  0.000e+00  0.000e+00  0.000e+00  0.000e+00 
 4.81   0.00     1.414e-03 -4.000  1.115e+00 0.644 2.902e+07 -3.210e-22  4.986e-04  4.996e-01  4.963e-01  3.555e-03  5.170e-08  0.000e+00  0.000e+00  0.000e+00  0.000e+00  0.000e+00  0.000e+00 
 4.80   0.00     1.414e-03 -4.000  1.113e+00 0.644 2.983e+07 -3.050e-22  5.455e-04  5.321e-01  4.646e-01  2.653e-03  2.766e-08  0.000e+00  0.000e+00  0.000e+00  0.000e+00  0.000e+00  0.000e+00 
 4.79   0.00     1.414e-03 -4.000  1.110e+00 0.645 3.077e+07 -2.885e-22  6.065e-04  5.732e-01  4.244e-01  1.781e-03  1.118e-08  0.000e+00  0.000e+00  0.000e+00  0.000e+00  0.000e+00  0.000e+00 
 4.78   0.00     1.414e-03 -4.000  1.108e+00 0.646 3.167e+07 -2.736e-22  6.662e-04  6.109e-01  3.872e-01  1.207e-03  4.349e-09  0.000e+00  0.000e+00  0.000e+00  0.000e+00  0.000e+00  0.000e+00 
 4.77   0.00     1.414e-03 -4.000  1.107e+00 0.646 3.245e+07 -2.609e-22  7.134e-04  6.374e-01  3.609e-01  9.246e-04  2.370e-09  0.000e+00  0.000e+00  0.000e+00  0.000e+00  0.000e+00  0.000e+00 
 4.76   0.00     1.414e-03 -4.000  1.105e+00 0.647 3.334e+07 -2.480e-22  7.728e-04  6.696e-01  3.290e-01  6.535e-04  9.967e-10  0.000e+00  0.000e+00  0.000e+00  0.000e+00  0.000e+00  0.000e+00 
 4.75   0.00     1.414e-03 -4.000  1.104e+00 0.647 3.436e+07 -2.351e-22  8.494e-04  7.094e-01  2.893e-01  4.037e-04  2.037e-10  0.000e+00  0.000e+00  0.000e+00  0.000e+00  0.000e+00  0.000e+00 
 4.74   0.00     1.414e-03 -4.000  1.103e+00 0.647 3.528e+07 -2.236e-22  9.224e-04  7.434e-01  2.554e-01  2.549e-04  0.000e+00  0.000e+00  0.000e+00  0.000e+00  0.000e+00  0.000e+00  0.000e+00 
 4.73   0.00     1.414e-03 -4.000  1.103e+00 0.647 3.606e+07 -2.138e-22  9.820e-04  7.665e-01  2.322e-01  1.857e-04  0.000e+00  0.000e+00  0.000e+00  0.000e+00  0.000e+00  0.000e+00  0.000e+00 
 4.72   0.00     1.414e-03 -4.000  1.102e+00 0.648 3.692e+07 -2.040e-22  1.057e-03  7.938e-01  2.051e-01  1.230e-04  0.000e+00  0.000e+00  0.000e+00  0.000e+00  0.000e+00  0.000e+00  0.000e+00 
 4.71   0.00     1.414e-03 -4.000  1.102e+00 0.648 3.788e+07 -1.942e-22  1.152e-03  8.264e-01  1.723e-01  6.857e-05  0.000e+00  0.000e+00  0.000e+00  0.000e+00  0.000e+00  0.000e+00  0.000e+00 
 4.70   0.00     1.414e-03 -4.000  1.101e+00 0.648 3.870e+07 -1.857e-22  1.244e-03  8.522e-01  1.465e-01  3.977e-05  0.000e+00  0.000e+00  0.000e+00  0.000e+00  0.000e+00  0.000e+00  0.000e+00 
 4.69   0.00     1.414e-03 -4.000  1.101e+00 0.648 3.938e+07 -1.783e-22  1.323e-03  8.689e-01  1.297e-01  2.749e-05  0.000e+00  0.000e+00  0.000e+00  0.000e+00  0.000e+00  0.000e+00  0.000e+00 
 4.68   0.00     1.414e-03 -4.000  1.101e+00 0.648 4.012e+07 -1.710e-22  1.424e-03  8.881e-01  1.105e-01  1.695e-05  0.000e+00  0.000e+00  0.000e+00  0.000e+00  0.000e+00  0.000e+00  0.000e+00 
 4.67   0.00     1.414e-03 -4.000  1.100e+00 0.648 4.093e+07 -1.639e-22  1.555e-03  9.102e-01  8.824e-02  8.410e-06  0.000e+00  0.000e+00  0.000e+00  0.000e+00  0.000e+00  0.000e+00  0.000e+00 
 4.66   0.00     1.414e-03 -4.000  1.100e+00 0.648 4.157e+07 -1.576e-22  1.683e-03  9.263e-01  7.201e-02  4.428e-06  0.000e+00  0.000e+00  0.000e+00  0.000e+00  0.000e+00  0.000e+00  0.000e+00 
 4.65   0.00     1.414e-03 -4.000  1.099e+00 0.648 4.208e+07 -1.521e-22  1.806e-03  9.362e-01  6.199e-02  2.896e-06  0.000e+00  0.000e+00  0.000e+00  0.000e+00  0.000e+00  0.000e+00  0.000e+00 
 4.64   0.00     1.414e-03 -4.000  1.099e+00 0.648 4.261e+07 -1.468e-22  1.963e-03  9.471e-01  5.087e-02  1.649e-06  0.000e+00  0.000e+00  0.000e+00  0.000e+00  0.000e+00  0.000e+00  0.000e+00 
 4.63   0.00     1.414e-03 -4.000  1.099e+00 0.649 4.317e+07 -1.415e-22  2.174e-03  9.594e-01  3.842e-02  7.182e-07  0.000e+00  0.000e+00  0.000e+00  0.000e+00  0.000e+00  0.000e+00  0.000e+00 
 4.62   0.00     1.414e-03 -4.000  1.098e+00 0.649 4.355e+07 -1.371e-22  2.391e-03  9.676e-01  3.004e-02  3.398e-07  0.000e+00  0.000e+00  0.000e+00  0.000e+00  0.000e+00  0.000e+00  0.000e+00 
 4.61   0.00     1.414e-03 -4.000  1.097e+00 0.649 4.383e+07 -1.330e-22  2.611e-03  9.722e-01  2.512e-02  2.098e-07  0.000e+00  0.000e+00  0.000e+00  0.000e+00  0.000e+00  0.000e+00  0.000e+00 
 4.60   0.00     1.414e-03 -4.000  1.097e+00 0.649 4.409e+07 -1.292e-22  2.901e-03  9.773e-01  1.982e-02  1.099e-07  0.000e+00  0.000e+00  0.000e+00  0.000e+00  0.000e+00  0.000e+00  0.000e+00 
 4.59   0.00     1.414e-03 -4.000  1.096e+00 0.650 4.430e+07 -1.257e-22  3.302e-03  9.826e-01  1.414e-02  4.156e-08  0.000e+00  0.000e+00  0.000e+00  0.000e+00  0.000e+00  0.000e+00  0.000e+00 
 4.58   0.00     1.414e-03 -4.000  1.094e+00 0.650 4.436e+07 -1.225e-22  3.724e-03  9.857e-01  1.058e-02  1.757e-08  0.000e+00  0.000e+00  0.000e+00  0.000e+00  0.000e+00  0.000e+00  0.000e+00 
 4.57   0.00     1.414e-03 -4.000  1.093e+00 0.650 4.434e+07 -1.197e-22  4.170e-03  9.872e-01  8.594e-03  1.021e-08  0.000e+00  0.000e+00  0.000e+00  0.000e+00  0.000e+00  0.000e+00  0.000e+00 
 4.56   0.00     1.414e-03 -4.000  1.092e+00 0.651 4.424e+07 -1.172e-22  4.772e-03  9.887e-01  6.527e-03  4.907e-09  0.000e+00  0.000e+00  0.000e+00  0.000e+00  0.000e+00  0.000e+00  0.000e+00 
 4.55   0.00     1.414e-03 -4.000  1.089e+00 0.652 4.403e+07 -1.149e-22  5.625e-03  9.900e-01  4.390e-03  1.603e-09  0.000e+00  0.000e+00  0.000e+00  0.000e+00  0.000e+00  0.000e+00  0.000e+00 
 4.54   0.00     1.414e-03 -4.000  1.086e+00 0.652 4.373e+07 -1.130e-22  6.536e-03  9.905e-01  3.009e-03  5.635e-10  0.000e+00  0.000e+00  0.000e+00  0.000e+00  0.000e+00  0.000e+00  0.000e+00 
 4.53   0.00     1.414e-03 -4.000  1.084e+00 0.653 4.337e+07 -1.112e-22  7.518e-03  9.904e-01  2.120e-03  2.574e-10  0.000e+00  0.000e+00  0.000e+00  0.000e+00  0.000e+00  0.000e+00  0.000e+00 
 4.52   0.00     1.414e-03 -4.000  1.080e+00 0.654 4.291e+07 -1.096e-22  8.870e-03  9.899e-01  1.226e-03  0.000e+00  0.000e+00  0.000e+00  0.000e+00  0.000e+00  0.000e+00  0.000e+00  0.000e+00 
 4.51   0.00     1.414e-03 -4.000  1.075e+00 0.656 4.232e+07 -1.083e-22  1.085e-02  9.888e-01  3.298e-04  0.000e+00  0.000e+00  0.000e+00  0.000e+00  0.000e+00  0.000e+00  0.000e+00  0.000e+00 
 4.50   0.00     1.414e-03 -4.000  1.071e+00 0.657 4.169e+07 -1.073e-22  1.295e-02  9.870e-01  4.413e-06  0.000e+00  0.000e+00  0.000e+00  0.000e+00  0.000e+00  0.000e+00  0.000e+00  0.000e+00 
 4.49   0.00     1.414e-03 -4.000  1.066e+00 0.659 4.105e+07 -1.063e-22  1.524e-02  9.848e-01  4.072e-07  0.000e+00  0.000e+00  0.000e+00  0.000e+00  0.000e+00  0.000e+00  0.000e+00  0.000e+00 
 4.48   0.00     1.414e-03 -4.000  1.061e+00 0.660 4.030e+07 -1.055e-22  1.845e-02  9.815e-01  1.446e-08  0.000e+00  0.000e+00  0.000e+00  0.000e+00  0.000e+00  0.000e+00  0.000e+00  0.000e+00 
 4.47   0.00     1.414e-03 -4.000  1.053e+00 0.662 3.940e+07 -1.051e-22  2.333e-02  9.767e-01  0.000e+00  0.000e+00  0.000e+00  0.000e+00  0.000e+00  0.000e+00  0.000e+00  0.000e+00  0.000e+00 
 4.46   0.00     1.414e-03 -4.000  1.046e+00 0.664 3.852e+07 -1.047e-22  2.845e-02  9.715e-01  0.000e+00  0.000e+00  0.000e+00  0.000e+00  0.000e+00  0.000e+00  0.000e+00  0.000e+00  0.000e+00 
 4.45   0.00     1.414e-03 -4.000  1.040e+00 0.667 3.765e+07 -1.043e-22  3.404e-02  9.660e-01  0.000e+00  0.000e+00  0.000e+00  0.000e+00  0.000e+00  0.000e+00  0.000e+00  0.000e+00  0.000e+00 
 4.44   0.00     1.414e-03 -4.000  1.033e+00 0.669 3.666e+07 -1.044e-22  4.205e-02  9.579e-01  0.000e+00  0.000e+00  0.000e+00  0.000e+00  0.000e+00  0.000e+00  0.000e+00  0.000e+00  0.000e+00 
 4.43   0.00     1.414e-03 -4.000  1.024e+00 0.671 3.545e+07 -1.051e-22  5.473e-02  9.453e-01  0.000e+00  0.000e+00  0.000e+00  0.000e+00  0.000e+00  0.000e+00  0.000e+00  0.000e+00  0.000e+00 
 4.42   0.00     1.414e-03 -4.000  1.018e+00 0.674 3.432e+07 -1.057e-22  6.739e-02  9.326e-01  0.000e+00  0.000e+00  0.000e+00  0.000e+00  0.000e+00  0.000e+00  0.000e+00  0.000e+00  0.000e+00 
 4.41   0.00     1.414e-03 -4.000  1.012e+00 0.675 3.322e+07 -1.065e-22  8.129e-02  9.187e-01  0.000e+00  0.000e+00  0.000e+00  0.000e+00  0.000e+00  0.000e+00  0.000e+00  0.000e+00  0.000e+00 
 4.40   0.00     1.414e-03 -4.000  1.006e+00 0.677 3.194e+07 -1.079e-22  1.014e-01  8.986e-01  0.000e+00  0.000e+00  0.000e+00  0.000e+00  0.000e+00  0.000e+00  0.000e+00  0.000e+00  0.000e+00 
 4.39   0.00     1.414e-03 -4.000  9.987e-01 0.679 3.038e+07 -1.105e-22  1.338e-01  8.662e-01  0.000e+00  0.000e+00  0.000e+00  0.000e+00  0.000e+00  0.000e+00  0.000e+00  0.000e+00  0.000e+00 
 4.38   0.00     1.414e-03 -4.000  9.936e-01 0.681 2.906e+07 -1.126e-22  1.639e-01  8.361e-01  0.000e+00  0.000e+00  0.000e+00  0.000e+00  0.000e+00  0.000e+00  0.000e+00  0.000e+00  0.000e+00 
 4.37   0.00     1.414e-03 -4.000  9.887e-01 0.683 2.781e+07 -1.147e-22  1.959e-01  8.041e-01  0.000e+00  0.000e+00  0.000e+00  0.000e+00  0.000e+00  0.000e+00  0.000e+00  0.000e+00  0.000e+00 
 4.36   0.00     1.414e-03 -4.000  9.828e-01 0.684 2.640e+07 -1.177e-22  2.410e-01  7.590e-01  0.000e+00  0.000e+00  0.000e+00  0.000e+00  0.000e+00  0.000e+00  0.000e+00  0.000e+00  0.000e+00 
 4.35   0.00     1.414e-03 -4.000  9.750e-01 0.687 2.472e+07 -1.224e-22  3.113e-01  6.887e-01  0.000e+00  0.000e+00  0.000e+00  0.000e+00  0.000e+00  0.000e+00  0.000e+00  0.000e+00  0.000e+00 
 4.34   0.00     1.414e-03 -4.000  9.684e-01 0.690 2.344e+07 -1.258e-22  3.685e-01  6.315e-01  0.000e+00  0.000e+00  0.000e+00  0.000e+00  0.000e+00  0.000e+00  0.000e+00  0.000e+00  0.000e+00 
 4.33   0.00     1.414e-03 -4.000  9.614e-01 0.692 2.228e+07 -1.288e-22  4.238e-01  5.762e-01  0.000e+00  0.000e+00  0.000e+00  0.000e+00  0.000e+00  0.000e+00  0.000e+00  0.000e+00  0.000e+00 
 4.32   0.00     1.414e-03 -4.000  9.517e-01 0.695 2.102e+07 -1.329e-22  4.953e-01  5.047e-01  0.000e+00  0.000e+00  0.000e+00  0.000e+00  0.000e+00  0.000e+00  0.000e+00  0.000e+00  0.000e+00 
 4.31   0.00     1.414e-03 -4.000  9.378e-01 0.699 1.955e+07 -1.387e-22  5.925e-01  4.075e-01  0.000e+00  0.000e+00  0.000e+00  0.000e+00  0.000e+00  0.000e+00  0.000e+00  0.000e+00  0.000e+00 
 4.30   0.00     1.414e-03 -4.000  9.250e-01 0.704 1.853e+07 -1.420e-22  6.570e-01  3.430e-01  0.000e+00  0.000e+00  0.000e+00  0.000e+00  0.000e+00  0.000e+00  0.000e+00  0.000e+00  0.000e+00 
 4.29   0.00     1.414e-03 -4.000  9.107e-01 0.709 1.769e+07 -1.444e-22  7.101e-01  2.899e-01  0.000e+00  0.000e+00  0.000e+00  0.000e+00  0.000e+00  0.000e+00  0.000e+00  0.000e+00  0.000e+00 
 4.28   0.00     1.414e-03 -4.000  8.908e-01 0.716 1.680e+07 -1.471e-22  7.699e-01  2.301e-01  0.000e+00  0.000e+00  0.000e+00  0.000e+00  0.000e+00  0.000e+00  0.000e+00  0.000e+00  0.000e+00 
 4.27   0.00     1.414e-03 -4.000  8.610e-01 0.727 1.584e+07 -1.503e-22  8.382e-01  1.618e-01  0.000e+00  0.000e+00  0.000e+00  0.000e+00  0.000e+00  0.000e+00  0.000e+00  0.000e+00  0.000e+00 
 4.26   0.00     1.414e-03 -4.000  8.344e-01 0.737 1.530e+07 -1.499e-22  8.745e-01  1.255e-01  0.000e+00  0.000e+00  0.000e+00  0.000e+00  0.000e+00  0.000e+00  0.000e+00  0.000e+00  0.000e+00 
 4.25   0.00     1.414e-03 -4.000  8.051e-01 0.749 1.496e+07 -1.475e-22  9.006e-01  9.943e-02  0.000e+00  0.000e+00  0.000e+00  0.000e+00  0.000e+00  0.000e+00  0.000e+00  0.000e+00  0.000e+00 
 4.24   0.00     1.414e-03 -4.000  7.650e-01 0.765 1.474e+07 -1.432e-22  9.270e-01  7.305e-02  0.000e+00  0.000e+00  0.000e+00  0.000e+00  0.000e+00  0.000e+00  0.000e+00  0.000e+00  0.000e+00 
 4.23   0.00     1.414e-03 -4.000  7.071e-01 0.789 1.472e+07 -1.359e-22  9.538e-01  4.625e-02  0.000e+00  0.000e+00  0.000e+00  0.000e+00  0.000e+00  0.000e+00  0.000e+00  0.000e+00  0.000e+00 
 4.22   0.00     1.414e-03 -4.000  6.597e-01 0.810 1.503e+07 -1.266e-22  9.660e-01  3.400e-02  0.000e+00  0.000e+00  0.000e+00  0.000e+00  0.000e+00  0.000e+00  0.000e+00  0.000e+00  0.000e+00 
 4.21   0.00     1.414e-03 -4.000  6.107e-01 0.834 1.566e+07 -1.154e-22  9.741e-01  2.595e-02  0.000e+00  0.000e+00  0.000e+00  0.000e+00  0.000e+00  0.000e+00  0.000e+00  0.000e+00  0.000e+00 
 4.20   0.00     1.414e-03 -4.000  5.482e-01 0.865 1.685e+07 -1.010e-22  9.818e-01  1.816e-02  0.000e+00  0.000e+00  0.000e+00  0.000e+00  0.000e+00  0.000e+00  0.000e+00  0.000e+00  0.000e+00 
 4.19   0.00     1.414e-03 -4.000  4.658e-01 0.910 1.917e+07 -8.246e-23  9.894e-01  1.063e-02  0.000e+00  0.000e+00  0.000e+00  0.000e+00  0.000e+00  0.000e+00  0.000e+00  0.000e+00  0.000e+00 
 4.18   0.00     1.414e-03 -4.000  4.083e-01 0.945 2.174e+07 -6.846e-23  9.925e-01  7.561e-03  0.000e+00  0.000e+00  0.000e+00  0.000e+00  0.000e+00  0.000e+00  0.000e+00  0.000e+00  0.000e+00 
 4.17   0.00     1.414e-03 -4.000  3.552e-01 0.979 2.526e+07 -5.554e-23  9.943e-01  5.640e-03  0.000e+00  0.000e+00  0.000e+00  0.000e+00  0.000e+00  0.000e+00  0.000e+00  0.000e+00  0.000e+00 
 4.16   0.00     1.414e-03 -4.000  2.942e-01 1.023 3.129e+07 -4.198e-23  9.962e-01  3.813e-03  0.000e+00  0.000e+00  0.000e+00  0.000e+00  0.000e+00  0.000e+00  0.000e+00  0.000e+00  0.000e+00 
 4.15   0.00     1.414e-03 -4.000  2.235e-01 1.077 4.330e+07 -2.816e-23  9.980e-01  2.063e-03  0.000e+00  0.000e+00  0.000e+00  0.000e+00  0.000e+00  0.000e+00  0.000e+00  0.000e+00  0.000e+00 
 4.14   0.00     1.414e-03 -4.000  1.835e-01 1.111 5.566e+07 -2.075e-23  9.986e-01  1.436e-03  0.000e+00  0.000e+00  0.000e+00  0.000e+00  0.000e+00  0.000e+00  0.000e+00  0.000e+00  0.000e+00 
 4.13   0.00     1.414e-03 -4.000  1.501e-01 1.140 7.288e+07 -1.509e-23  9.990e-01  1.053e-03  0.000e+00  0.000e+00  0.000e+00  0.000e+00  0.000e+00  0.000e+00  0.000e+00  0.000e+00  0.000e+00 
 4.12   0.00     1.414e-03 -4.000  1.153e-01 1.173 1.043e+08 -1.001e-23  9.993e-01  6.893e-04  0.000e+00  0.000e+00  0.000e+00  0.000e+00  0.000e+00  0.000e+00  0.000e+00  0.000e+00  0.000e+00 
 4.11   0.00     1.414e-03 -4.000  7.860e-02 1.209 1.753e+08 -5.662e-24  9.997e-01  3.402e-04  0.000e+00  0.000e+00  0.000e+00  0.000e+00  0.000e+00  0.000e+00  0.000e+00  0.000e+00  0.000e+00 
 4.10   0.00     1.414e-03 -4.000  6.176e-02 1.227 2.457e+08 -3.883e-24  9.998e-01  2.339e-04  0.000e+00  0.000e+00  0.000e+00  0.000e+00  0.000e+00  0.000e+00  0.000e+00  0.000e+00  0.000e+00 
 4.09   0.00     1.414e-03 -4.000  4.831e-02 1.242 3.492e+08 -2.638e-24  9.998e-01  1.698e-04  0.000e+00  0.000e+00  0.000e+00  0.000e+00  0.000e+00  0.000e+00  0.000e+00  0.000e+00  0.000e+00 
 4.08   0.00     1.414e-03 -4.000  3.503e-02 1.256 5.513e+08 -1.614e-24  9.999e-01  1.098e-04  0.000e+00  0.000e+00  0.000e+00  0.000e+00  0.000e+00  0.000e+00  0.000e+00  0.000e+00  0.000e+00 
 4.07   0.00     1.414e-03 -4.000  2.178e-02 1.270 1.064e+09 -8.108e-25  1.000e+00  5.361e-05  0.000e+00  0.000e+00  0.000e+00  0.000e+00  0.000e+00  0.000e+00  0.000e+00  0.000e+00  0.000e+00 
 4.06   0.00     1.414e-03 -4.000  1.548e-02 1.278 1.661e+09 -5.026e-25  1.000e+00  3.385e-05  0.000e+00  0.000e+00  0.000e+00  0.000e+00  0.000e+00  0.000e+00  0.000e+00  0.000e+00  0.000e+00 
 4.05   0.00     1.414e-03 -4.000  1.034e-02 1.284 2.795e+09 -2.905e-25  1.000e+00  2.415e-05  0.000e+00  0.000e+00  0.000e+00  0.000e+00  0.000e+00  0.000e+00  0.000e+00  0.000e+00  0.000e+00 
 4.04   0.00     1.414e-03 -4.000  5.706e-03 1.289 5.935e+09 -1.345e-25  1.000e+00  1.629e-05  0.000e+00  0.000e+00  0.000e+00  0.000e+00  0.000e+00  0.000e+00  0.000e+00  0.000e+00  0.000e+00 
 4.03   0.00     1.414e-03 -4.000  2.013e-03 1.293 2.170e+10 -3.735e-26  1.000e+00  1.063e-05  0.000e+00  0.000e+00  0.000e+00  0.000e+00  0.000e+00  0.000e+00  0.000e+00  0.000e+00  0.000e+00 
 4.02   0.00     1.414e-03 -4.000  6.954e-04 1.295 6.893e+10 -1.118e-26  1.000e+00  8.347e-06  0.000e+00  0.000e+00  0.000e+00  0.000e+00  0.000e+00  0.000e+00  0.000e+00  0.000e+00  0.000e+00 
 4.01   0.00     1.414e-03 -4.000  3.792e-04 1.295 1.400e+11 -5.372e-27  1.000e+00  7.646e-06  0.000e+00  0.000e+00  0.000e+00  0.000e+00  0.000e+00  0.000e+00  0.000e+00  0.000e+00  0.000e+00 
 4.00   0.00     1.414e-03 -4.000  2.298e-04 1.295 2.574e+11 -2.794e-27  1.000e+00  7.262e-06  0.000e+00  0.000e+00  0.000e+00  0.000e+00  0.000e+00  0.000e+00  0.000e+00  0.000e+00  0.000e+00 
 3.99   0.00     1.414e-03 -4.000  1.515e-04 1.296 4.539e+11 -1.545e-27  1.000e+00  7.024e-06  0.000e+00  0.000e+00  0.000e+00  0.000e+00  0.000e+00  0.000e+00  0.000e+00  0.000e+00  0.000e+00 
 3.98   0.00     1.414e-03 -4.000  9.801e-05 1.296 7.586e+11 -8.999e-28  1.000e+00  6.836e-06  0.000e+00  0.000e+00  0.000e+00  0.000e+00  0.000e+00  0.000e+00  0.000e+00  0.000e+00  0.000e+00 
 3.97   0.00     1.414e-03 -4.000  5.920e-05 1.296 1.411e+12 -4.680e-28  1.000e+00  6.658e-06  0.000e+00  0.000e+00  0.000e+00  0.000e+00  0.000e+00  0.000e+00  0.000e+00  0.000e+00  0.000e+00 
 3.96   0.00     1.414e-03 -4.000  4.875e-05 1.296 2.017e+12 -3.242e-28  1.000e+00  6.570e-06  0.000e+00  0.000e+00  0.000e+00  0.000e+00  0.000e+00  0.000e+00  0.000e+00  0.000e+00  0.000e+00 
 3.95   0.00     1.414e-03 -4.000  3.853e-05 1.296 3.048e+12 -2.097e-28  1.000e+00  6.445e-06  0.000e+00  0.000e+00  0.000e+00  0.000e+00  0.000e+00  0.000e+00  0.000e+00  0.000e+00  0.000e+00 
 3.94   0.00     1.414e-03 -4.000  3.096e-05 1.296 4.257e+12 -1.467e-28  1.000e+00  6.296e-06  0.000e+00  0.000e+00  0.000e+00  0.000e+00  0.000e+00  0.000e+00  0.000e+00  0.000e+00  0.000e+00 
 3.93   0.00     1.414e-03 -4.000  2.538e-05 1.296 5.800e+12 -1.052e-28  1.000e+00  6.129e-06  0.000e+00  0.000e+00  0.000e+00  0.000e+00  0.000e+00  0.000e+00  0.000e+00  0.000e+00  0.000e+00 
 3.92   0.00     1.414e-03 -4.000  2.111e-05 1.296 7.812e+12 -7.635e-29  1.000e+00  5.945e-06  0.000e+00  0.000e+00  0.000e+00  0.000e+00  0.000e+00  0.000e+00  0.000e+00  0.000e+00  0.000e+00 
 3.91   0.00     1.414e-03 -4.000  1.769e-05 1.296 1.050e+13 -5.555e-29  1.000e+00  5.739e-06  0.000e+00  0.000e+00  0.000e+00  0.000e+00  0.000e+00  0.000e+00  0.000e+00  0.000e+00  0.000e+00 
 3.90   0.00     1.414e-03 -4.000  1.491e-05 1.296 1.342e+13 -4.246e-29  1.000e+00  5.516e-06  0.000e+00  0.000e+00  0.000e+00  0.000e+00  0.000e+00  0.000e+00  0.000e+00  0.000e+00  0.000e+00 
 3.89   0.00     1.414e-03 -4.000  1.261e-05 1.296 1.704e+13 -3.267e-29  1.000e+00  5.280e-06  0.000e+00  0.000e+00  0.000e+00  0.000e+00  0.000e+00  0.000e+00  0.000e+00  0.000e+00  0.000e+00 
