#log[T] redshift massfrac  log[nh] ne/nh     mu    tcool     Lambdanet   ionf[ 1]   ionf[ 2]   ionf[ 3]   ionf[ 4]   ionf[ 5]   ionf[ 6]   ionf[ 7]   ionf[ 8]   ionf[ 9]   
 7.00   0.00     5.493e-03 -4.000  1.209e+00 0.618 4.728e+10 -3.181e-23  0.000e+00  0.000e+00  0.000e+00  0.000e+00  0.000e+00  2.705e-07  2.836e-04  1.582e-02  9.839e-01 
 6.99   0.00     5.493e-03 -4.000  1.209e+00 0.618 4.622e+10 -3.180e-23  0.000e+00  0.000e+00  0.000e+00  0.000e+00  0.000e+00  3.030e-07  3.118e-04  1.660e-02  9.831e-01 
 6.98   0.00     5.493e-03 -4.000  1.209e+00 0.618 4.522e+10 -3.177e-23  0.000e+00  0.000e+00  0.000e+00  0.000e+00  0.000e+00  3.397e-07  3.430e-04  1.743e-02  9.822e-01 
 6.97   0.00     5.493e-03 -4.000  1.209e+00 0.618 4.427e+10 -3.172e-23  0.000e+00  0.000e+00  0.000e+00  0.000e+00  0.000e+00  3.810e-07  3.776e-04  1.831e-02  9.813e-01 
 6.96   0.00     5.493e-03 -4.000  1.209e+00 0.618 4.338e+10 -3.162e-23  0.000e+00  0.000e+00  0.000e+00  0.000e+00  1.088e-10  4.278e-07  4.161e-04  1.925e-02  9.803e-01 
 6.95   0.00     5.493e-03 -4.000  1.209e+00 0.618 4.251e+10 -3.153e-23  0.000e+00  0.000e+00  0.000e+00  0.000e+00  1.257e-10  4.806e-07  4.588e-04  2.025e-02  9.793e-01 
 6.94   0.00     5.493e-03 -4.000  1.209e+00 0.618 4.169e+10 -3.142e-23  0.000e+00  0.000e+00  0.000e+00  0.000e+00  1.452e-10  5.404e-07  5.065e-04  2.131e-02  9.781e-01 
 6.93   0.00     5.493e-03 -4.000  1.209e+00 0.618 4.091e+10 -3.130e-23  0.000e+00  0.000e+00  0.000e+00  0.000e+00  1.678e-10  6.079e-07  5.597e-04  2.243e-02  9.770e-01 
 6.92   0.00     5.493e-03 -4.000  1.209e+00 0.618 4.016e+10 -3.115e-23  0.000e+00  0.000e+00  0.000e+00  0.000e+00  1.943e-10  6.842e-07  6.185e-04  2.364e-02  9.757e-01 
 6.91   0.00     5.493e-03 -4.000  1.209e+00 0.618 3.943e+10 -3.100e-23  0.000e+00  0.000e+00  0.000e+00  0.000e+00  2.250e-10  7.709e-07  6.844e-04  2.492e-02  9.744e-01 
 6.90   0.00     5.493e-03 -4.000  1.209e+00 0.618 3.874e+10 -3.084e-23  0.000e+00  0.000e+00  0.000e+00  0.000e+00  2.608e-10  8.695e-07  7.584e-04  2.629e-02  9.730e-01 
 6.89   0.00     5.493e-03 -4.000  1.209e+00 0.618 3.805e+10 -3.068e-23  0.000e+00  0.000e+00  0.000e+00  0.000e+00  3.024e-10  9.813e-07  8.410e-04  2.775e-02  9.714e-01 
 6.88   0.00     5.493e-03 -4.000  1.209e+00 0.618 3.740e+10 -3.051e-23  0.000e+00  0.000e+00  0.000e+00  0.000e+00  3.511e-10  1.107e-06  9.323e-04  2.931e-02  9.698e-01 
 6.87   0.00     5.493e-03 -4.000  1.209e+00 0.618 3.675e+10 -3.034e-23  0.000e+00  0.000e+00  0.000e+00  0.000e+00  4.078e-10  1.251e-06  1.036e-03  3.097e-02  9.680e-01 
 6.86   0.00     5.493e-03 -4.000  1.209e+00 0.618 3.612e+10 -3.017e-23  0.000e+00  0.000e+00  0.000e+00  0.000e+00  4.742e-10  1.416e-06  1.152e-03  3.275e-02  9.661e-01 
 6.85   0.00     5.493e-03 -4.000  1.209e+00 0.618 3.549e+10 -3.001e-23  0.000e+00  0.000e+00  0.000e+00  0.000e+00  5.520e-10  1.604e-06  1.283e-03  3.466e-02  9.640e-01 
 6.84   0.00     5.493e-03 -4.000  1.209e+00 0.618 3.487e+10 -2.985e-23  0.000e+00  0.000e+00  0.000e+00  0.000e+00  6.425e-10  1.814e-06  1.426e-03  3.668e-02  9.619e-01 
 6.83   0.00     5.493e-03 -4.000  1.209e+00 0.618 3.425e+10 -2.969e-23  0.000e+00  0.000e+00  0.000e+00  0.000e+00  7.487e-10  2.055e-06  1.589e-03  3.886e-02  9.595e-01 
 6.82   0.00     5.493e-03 -4.000  1.209e+00 0.618 3.363e+10 -2.955e-23  0.000e+00  0.000e+00  0.000e+00  0.000e+00  8.740e-10  2.335e-06  1.776e-03  4.121e-02  9.570e-01 
 6.81   0.00     5.493e-03 -4.000  1.209e+00 0.618 3.302e+10 -2.941e-23  0.000e+00  0.000e+00  0.000e+00  0.000e+00  1.021e-09  2.652e-06  1.985e-03  4.373e-02  9.543e-01 
 6.80   0.00     5.493e-03 -4.000  1.209e+00 0.618 3.240e+10 -2.930e-23  0.000e+00  0.000e+00  0.000e+00  0.000e+00  1.192e-09  3.007e-06  2.215e-03  4.638e-02  9.514e-01 
 6.79   0.00     5.493e-03 -4.000  1.209e+00 0.618 3.178e+10 -2.919e-23  0.000e+00  0.000e+00  0.000e+00  0.000e+00  1.393e-09  3.419e-06  2.478e-03  4.926e-02  9.483e-01 
 6.78   0.00     5.493e-03 -4.000  1.209e+00 0.618 3.115e+10 -2.910e-23  0.000e+00  0.000e+00  0.000e+00  0.000e+00  1.633e-09  3.897e-06  2.781e-03  5.239e-02  9.448e-01 
 6.77   0.00     5.493e-03 -4.000  1.209e+00 0.618 3.051e+10 -2.903e-23  0.000e+00  0.000e+00  0.000e+00  0.000e+00  1.913e-09  4.441e-06  3.121e-03  5.573e-02  9.412e-01 
 6.76   0.00     5.493e-03 -4.000  1.209e+00 0.618 2.988e+10 -2.896e-23  0.000e+00  0.000e+00  0.000e+00  0.000e+00  2.240e-09  5.048e-06  3.494e-03  5.924e-02  9.372e-01 
 6.75   0.00     5.493e-03 -4.000  1.209e+00 0.618 2.924e+10 -2.892e-23  0.000e+00  0.000e+00  0.000e+00  0.000e+00  2.628e-09  5.756e-06  3.924e-03  6.307e-02  9.330e-01 
 6.74   0.00     5.493e-03 -4.000  1.209e+00 0.618 2.860e+10 -2.890e-23  0.000e+00  0.000e+00  0.000e+00  0.000e+00  3.093e-09  6.586e-06  4.424e-03  6.724e-02  9.283e-01 
 6.73   0.00     5.493e-03 -4.000  1.209e+00 0.618 2.795e+10 -2.890e-23  0.000e+00  0.000e+00  0.000e+00  0.000e+00  3.638e-09  7.528e-06  4.984e-03  7.170e-02  9.233e-01 
 6.72   0.00     5.493e-03 -4.000  1.209e+00 0.618 2.731e+10 -2.890e-23  0.000e+00  0.000e+00  0.000e+00  0.000e+00  4.269e-09  8.577e-06  5.599e-03  7.638e-02  9.180e-01 
 6.71   0.00     5.493e-03 -4.000  1.209e+00 0.618 2.666e+10 -2.894e-23  0.000e+00  0.000e+00  0.000e+00  0.000e+00  5.025e-09  9.807e-06  6.313e-03  8.149e-02  9.122e-01 
 6.70   0.00     5.493e-03 -4.000  1.209e+00 0.618 2.599e+10 -2.900e-23  0.000e+00  0.000e+00  0.000e+00  0.000e+00  5.938e-09  1.126e-05  7.148e-03  8.709e-02  9.057e-01 
 6.69   0.00     5.493e-03 -4.000  1.209e+00 0.618 2.534e+10 -2.907e-23  0.000e+00  0.000e+00  0.000e+00  0.000e+00  7.007e-09  1.290e-05  8.084e-03  9.305e-02  8.989e-01 
 6.68   0.00     5.493e-03 -4.000  1.209e+00 0.618 2.468e+10 -2.916e-23  0.000e+00  0.000e+00  0.000e+00  0.000e+00  8.243e-09  1.473e-05  9.108e-03  9.926e-02  8.916e-01 
 6.67   0.00     5.493e-03 -4.000  1.209e+00 0.618 2.403e+10 -2.928e-23  0.000e+00  0.000e+00  0.000e+00  0.000e+00  9.733e-09  1.689e-05  1.031e-02  1.061e-01  8.836e-01 
 6.66   0.00     5.493e-03 -4.000  1.208e+00 0.618 2.335e+10 -2.944e-23  0.000e+00  0.000e+00  0.000e+00  0.000e+00  1.154e-08  1.945e-05  1.172e-02  1.136e-01  8.747e-01 
 6.65   0.00     5.493e-03 -4.000  1.208e+00 0.618 2.268e+10 -2.962e-23  0.000e+00  0.000e+00  0.000e+00  0.000e+00  1.366e-08  2.234e-05  1.329e-02  1.215e-01  8.651e-01 
 6.64   0.00     5.493e-03 -4.000  1.208e+00 0.618 2.201e+10 -2.983e-23  0.000e+00  0.000e+00  0.000e+00  0.000e+00  1.610e-08  2.553e-05  1.502e-02  1.298e-01  8.552e-01 
 6.63   0.00     5.493e-03 -4.000  1.208e+00 0.618 2.132e+10 -3.009e-23  0.000e+00  0.000e+00  0.000e+00  0.000e+00  1.905e-08  2.932e-05  1.704e-02  1.388e-01  8.441e-01 
 6.62   0.00     5.493e-03 -4.000  1.208e+00 0.618 2.062e+10 -3.041e-23  0.000e+00  0.000e+00  0.000e+00  0.000e+00  2.267e-08  3.384e-05  1.944e-02  1.488e-01  8.318e-01 
 6.61   0.00     5.493e-03 -4.000  1.208e+00 0.618 1.992e+10 -3.076e-23  0.000e+00  0.000e+00  0.000e+00  0.000e+00  2.687e-08  3.891e-05  2.211e-02  1.591e-01  8.187e-01 
 6.60   0.00     5.493e-03 -4.000  1.208e+00 0.618 1.922e+10 -3.115e-23  0.000e+00  0.000e+00  0.000e+00  0.000e+00  3.170e-08  4.446e-05  2.500e-02  1.698e-01  8.051e-01 
 6.59   0.00     5.493e-03 -4.000  1.208e+00 0.618 1.851e+10 -3.161e-23  0.000e+00  0.000e+00  0.000e+00  0.000e+00  3.757e-08  5.107e-05  2.843e-02  1.814e-01  7.900e-01 
 6.58   0.00     5.493e-03 -4.000  1.208e+00 0.618 1.779e+10 -3.216e-23  0.000e+00  0.000e+00  0.000e+00  0.000e+00  4.477e-08  5.902e-05  3.250e-02  1.943e-01  7.731e-01 
 6.57   0.00     5.493e-03 -4.000  1.208e+00 0.618 1.706e+10 -3.275e-23  0.000e+00  0.000e+00  0.000e+00  0.000e+00  5.309e-08  6.780e-05  3.698e-02  2.075e-01  7.555e-01 
 6.56   0.00     5.493e-03 -4.000  1.208e+00 0.618 1.635e+10 -3.340e-23  0.000e+00  0.000e+00  0.000e+00  0.000e+00  6.258e-08  7.733e-05  4.180e-02  2.208e-01  7.373e-01 
 6.55   0.00     5.493e-03 -4.000  1.208e+00 0.618 1.563e+10 -3.415e-23  0.000e+00  0.000e+00  0.000e+00  0.000e+00  7.412e-08  8.870e-05  4.751e-02  2.353e-01  7.171e-01 
 6.54   0.00     5.493e-03 -4.000  1.208e+00 0.618 1.489e+10 -3.500e-23  0.000e+00  0.000e+00  0.000e+00  0.000e+00  8.828e-08  1.023e-04  5.432e-02  2.510e-01  6.946e-01 
 6.53   0.00     5.493e-03 -4.000  1.208e+00 0.618 1.419e+10 -3.592e-23  0.000e+00  0.000e+00  0.000e+00  0.000e+00  1.045e-07  1.172e-04  6.167e-02  2.667e-01  6.715e-01 
 6.52   0.00     5.493e-03 -4.000  1.208e+00 0.618 1.350e+10 -3.689e-23  0.000e+00  0.000e+00  0.000e+00  0.000e+00  1.227e-07  1.331e-04  6.953e-02  2.822e-01  6.481e-01 
 6.51   0.00     5.493e-03 -4.000  1.208e+00 0.618 1.282e+10 -3.798e-23  0.000e+00  0.000e+00  0.000e+00  0.000e+00  1.449e-07  1.519e-04  7.877e-02  2.988e-01  6.224e-01 
 6.50   0.00     5.493e-03 -4.000  1.208e+00 0.618 1.214e+10 -3.919e-23  0.000e+00  0.000e+00  0.000e+00  0.000e+00  1.720e-07  1.743e-04  8.975e-02  3.162e-01  5.938e-01 
 6.49   0.00     5.493e-03 -4.000  1.208e+00 0.618 1.149e+10 -4.045e-23  0.000e+00  0.000e+00  0.000e+00  0.000e+00  2.023e-07  1.981e-04  1.013e-01  3.331e-01  5.654e-01 
 6.48   0.00     5.493e-03 -4.000  1.208e+00 0.618 1.088e+10 -4.173e-23  0.000e+00  0.000e+00  0.000e+00  0.000e+00  2.361e-07  2.233e-04  1.135e-01  3.490e-01  5.373e-01 
 6.47   0.00     5.493e-03 -4.000  1.208e+00 0.618 1.029e+10 -4.315e-23  0.000e+00  0.000e+00  0.000e+00  1.136e-10  2.768e-07  2.528e-04  1.277e-01  3.653e-01  5.067e-01 
 6.46   0.00     5.493e-03 -4.000  1.208e+00 0.618 9.707e+09 -4.467e-23  0.000e+00  0.000e+00  0.000e+00  1.390e-10  3.260e-07  2.876e-04  1.444e-01  3.819e-01  4.735e-01 
 6.45   0.00     5.493e-03 -4.000  1.208e+00 0.618 9.167e+09 -4.623e-23  0.000e+00  0.000e+00  0.000e+00  1.685e-10  3.797e-07  3.232e-04  1.614e-01  3.966e-01  4.417e-01 
 6.44   0.00     5.493e-03 -4.000  1.208e+00 0.618 8.659e+09 -4.783e-23  0.000e+00  0.000e+00  0.000e+00  2.027e-10  4.386e-07  3.598e-04  1.789e-01  4.097e-01  4.111e-01 
 6.43   0.00     5.493e-03 -4.000  1.208e+00 0.618 8.167e+09 -4.955e-23  0.000e+00  0.000e+00  0.000e+00  2.445e-10  5.084e-07  4.021e-04  1.990e-01  4.220e-01  3.786e-01 
 6.42   0.00     5.493e-03 -4.000  1.208e+00 0.618 7.690e+09 -5.144e-23  0.000e+00  0.000e+00  0.000e+00  2.960e-10  5.917e-07  4.514e-04  2.224e-01  4.331e-01  3.441e-01 
 6.41   0.00     5.493e-03 -4.000  1.208e+00 0.618 7.251e+09 -5.330e-23  0.000e+00  0.000e+00  0.000e+00  3.544e-10  6.801e-07  4.996e-04  2.452e-01  4.415e-01  3.128e-01 
 6.40   0.00     5.493e-03 -4.000  1.208e+00 0.618 6.841e+09 -5.520e-23  0.000e+00  0.000e+00  0.000e+00  4.212e-10  7.751e-07  5.477e-04  2.679e-01  4.476e-01  2.839e-01 
 6.39   0.00     5.493e-03 -4.000  1.208e+00 0.618 6.444e+09 -5.728e-23  0.000e+00  0.000e+00  0.000e+00  5.014e-10  8.857e-07  6.023e-04  2.937e-01  4.517e-01  2.541e-01 
 6.38   0.00     5.493e-03 -4.000  1.208e+00 0.618 6.057e+09 -5.955e-23  0.000e+00  0.000e+00  0.000e+00  5.984e-10  1.015e-06  6.647e-04  3.231e-01  4.530e-01  2.233e-01 
 6.37   0.00     5.493e-03 -4.000  1.208e+00 0.618 5.693e+09 -6.191e-23  0.000e+00  0.000e+00  0.000e+00  7.065e-10  1.149e-06  7.229e-04  3.505e-01  4.517e-01  1.971e-01 
 6.36   0.00     5.493e-03 -4.000  1.208e+00 0.618 5.347e+09 -6.442e-23  0.000e+00  0.000e+00  0.000e+00  8.282e-10  1.291e-06  7.794e-04  3.771e-01  4.483e-01  1.738e-01 
 6.35   0.00     5.493e-03 -4.000  1.208e+00 0.618 5.011e+09 -6.717e-23  0.000e+00  0.000e+00  0.000e+00  9.723e-10  1.452e-06  8.424e-04  4.067e-01  4.419e-01  1.505e-01 
 6.34   0.00     5.493e-03 -4.000  1.208e+00 0.618 4.686e+09 -7.019e-23  0.000e+00  0.000e+00  0.000e+00  1.143e-09  1.638e-06  9.130e-04  4.398e-01  4.318e-01  1.275e-01 
 6.33   0.00     5.493e-03 -4.000  1.208e+00 0.618 4.389e+09 -7.323e-23  0.000e+00  0.000e+00  0.000e+00  1.331e-09  1.825e-06  9.759e-04  4.694e-01  4.207e-01  1.090e-01 
 6.32   0.00     5.493e-03 -4.000  1.208e+00 0.618 4.113e+09 -7.637e-23  0.000e+00  0.000e+00  0.000e+00  1.541e-09  2.022e-06  1.036e-03  4.974e-01  4.083e-01  9.323e-02 
 6.31   0.00     5.493e-03 -4.000  1.208e+00 0.618 3.849e+09 -7.974e-23  0.000e+00  0.000e+00  0.000e+00  1.785e-09  2.243e-06  1.101e-03  5.281e-01  3.928e-01  7.805e-02 
 6.30   0.00     5.493e-03 -4.000  1.207e+00 0.618 3.599e+09 -8.336e-23  0.000e+00  0.000e+00  0.000e+00  2.071e-09  2.493e-06  1.173e-03  5.618e-01  3.735e-01  6.352e-02 
 6.29   0.00     5.493e-03 -4.000  1.207e+00 0.618 3.372e+09 -8.695e-23  0.000e+00  0.000e+00  0.000e+00  2.384e-09  2.743e-06  1.235e-03  5.907e-01  3.555e-01  5.258e-02 
 6.28   0.00     5.493e-03 -4.000  1.207e+00 0.618 3.162e+09 -9.059e-23  0.000e+00  0.000e+00  0.000e+00  2.733e-09  3.004e-06  1.293e-03  6.176e-01  3.374e-01  4.362e-02 
 6.27   0.00     5.493e-03 -4.000  1.207e+00 0.618 2.966e+09 -9.437e-23  0.000e+00  0.000e+00  0.000e+00  3.134e-09  3.294e-06  1.355e-03  6.466e-01  3.168e-01  3.525e-02 
 6.26   0.00     5.493e-03 -4.000  1.207e+00 0.618 2.784e+09 -9.829e-23  0.000e+00  0.000e+00  0.000e+00  3.596e-09  3.616e-06  1.424e-03  6.778e-01  2.932e-01  2.753e-02 
 6.25   0.00     5.493e-03 -4.000  1.207e+00 0.618 2.623e+09 -1.020e-22  0.000e+00  0.000e+00  0.000e+00  4.106e-09  3.941e-06  1.480e-03  7.037e-01  2.728e-01  2.206e-02 
 6.24   0.00     5.493e-03 -4.000  1.207e+00 0.618 2.477e+09 -1.055e-22  0.000e+00  0.000e+00  0.000e+00  4.675e-09  4.281e-06  1.534e-03  7.273e-01  2.534e-01  1.774e-02 
 6.23   0.00     5.493e-03 -4.000  1.207e+00 0.618 2.343e+09 -1.089e-22  0.000e+00  0.000e+00  0.000e+00  5.324e-09  4.654e-06  1.591e-03  7.523e-01  2.322e-01  1.383e-02 
 6.22   0.00     5.493e-03 -4.000  1.207e+00 0.618 2.218e+09 -1.125e-22  0.000e+00  0.000e+00  0.000e+00  6.063e-09  5.064e-06  1.651e-03  7.790e-01  2.091e-01  1.034e-02 
 6.21   0.00     5.493e-03 -4.000  1.207e+00 0.618 2.109e+09 -1.156e-22  0.000e+00  0.000e+00  0.000e+00  6.890e-09  5.484e-06  1.702e-03  8.000e-01  1.902e-01  8.024e-03 
 6.20   0.00     5.493e-03 -4.000  1.207e+00 0.618 2.010e+09 -1.185e-22  0.000e+00  0.000e+00  0.000e+00  7.819e-09  5.930e-06  1.751e-03  8.189e-01  1.730e-01  6.252e-03 
 6.19   0.00     5.493e-03 -4.000  1.207e+00 0.618 1.917e+09 -1.214e-22  0.000e+00  0.000e+00  0.000e+00  8.872e-09  6.414e-06  1.802e-03  8.387e-01  1.548e-01  4.696e-03 
 6.18   0.00     5.493e-03 -4.000  1.207e+00 0.618 1.832e+09 -1.243e-22  0.000e+00  0.000e+00  0.000e+00  1.007e-08  6.942e-06  1.856e-03  8.595e-01  1.354e-01  3.346e-03 
 6.17   0.00     5.493e-03 -4.000  1.207e+00 0.618 1.755e+09 -1.267e-22  0.000e+00  0.000e+00  0.000e+00  1.142e-08  7.499e-06  1.904e-03  8.749e-01  1.207e-01  2.520e-03 
 6.16   0.00     5.493e-03 -4.000  1.207e+00 0.618 1.684e+09 -1.290e-22  0.000e+00  0.000e+00  0.000e+00  1.297e-08  8.097e-06  1.950e-03  8.887e-01  1.075e-01  1.903e-03 
 6.15   0.00     5.493e-03 -4.000  1.207e+00 0.618 1.617e+09 -1.313e-22  0.000e+00  0.000e+00  0.000e+00  1.473e-08  8.747e-06  1.999e-03  9.028e-01  9.390e-02  1.375e-03 
 6.14   0.00     5.493e-03 -4.000  1.207e+00 0.618 1.553e+09 -1.336e-22  0.000e+00  0.000e+00  0.000e+00  1.672e-08  9.455e-06  2.051e-03  9.173e-01  7.965e-02  9.293e-04 
 6.13   0.00     5.493e-03 -4.000  1.207e+00 0.618 1.495e+09 -1.356e-22  0.000e+00  0.000e+00  0.000e+00  1.903e-08  1.023e-05  2.101e-03  9.275e-01  6.968e-02  6.800e-04 
 6.12   0.00     5.493e-03 -4.000  1.207e+00 0.618 1.441e+09 -1.375e-22  0.000e+00  0.000e+00  0.000e+00  2.169e-08  1.107e-05  2.154e-03  9.365e-01  6.085e-02  4.980e-04 
 6.11   0.00     5.493e-03 -4.000  1.207e+00 0.618 1.389e+09 -1.395e-22  0.000e+00  0.000e+00  0.000e+00  2.474e-08  1.200e-05  2.208e-03  9.455e-01  5.193e-02  3.462e-04 
 6.10   0.00     5.493e-03 -4.000  1.207e+00 0.618 1.337e+09 -1.415e-22  0.000e+00  0.000e+00  0.000e+00  2.822e-08  1.301e-05  2.266e-03  9.548e-01  4.276e-02  2.217e-04 
 6.09   0.00     5.493e-03 -4.000  1.207e+00 0.618 1.291e+09 -1.432e-22  0.000e+00  0.000e+00  0.000e+00  3.236e-08  1.415e-05  2.327e-03  9.608e-01  3.671e-02  1.573e-04 
 6.08   0.00     5.493e-03 -4.000  1.207e+00 0.618 1.247e+09 -1.449e-22  0.000e+00  0.000e+00  0.000e+00  3.718e-08  1.541e-05  2.393e-03  9.660e-01  3.147e-02  1.118e-04 
 6.07   0.00     5.493e-03 -4.000  1.207e+00 0.618 1.204e+09 -1.467e-22  0.000e+00  0.000e+00  0.000e+00  4.275e-08  1.681e-05  2.462e-03  9.712e-01  2.625e-02  7.469e-05 
 6.06   0.00     5.493e-03 -4.000  1.207e+00 0.618 1.162e+09 -1.485e-22  0.000e+00  0.000e+00  0.000e+00  4.921e-08  1.836e-05  2.537e-03  9.764e-01  2.099e-02  4.524e-05 
 6.05   0.00     5.493e-03 -4.000  1.207e+00 0.618 1.125e+09 -1.499e-22  0.000e+00  0.000e+00  0.000e+00  5.702e-08  2.013e-05  2.622e-03  9.796e-01  1.770e-02  3.113e-05 
 6.04   0.00     5.493e-03 -4.000  1.207e+00 0.618 1.089e+09 -1.513e-22  0.000e+00  0.000e+00  0.000e+00  6.623e-08  2.214e-05  2.713e-03  9.823e-01  1.492e-02  2.148e-05 
 6.03   0.00     5.493e-03 -4.000  1.207e+00 0.618 1.055e+09 -1.527e-22  0.000e+00  0.000e+00  0.000e+00  7.706e-08  2.438e-05  2.812e-03  9.850e-01  1.217e-02  1.377e-05 
 6.02   0.00     5.493e-03 -4.000  1.207e+00 0.618 1.022e+09 -1.540e-22  0.000e+00  0.000e+00  0.000e+00  8.982e-08  2.691e-05  2.919e-03  9.876e-01  9.446e-03  7.868e-06 
 6.01   0.00     5.493e-03 -4.000  1.207e+00 0.618 9.928e+08 -1.549e-22  0.000e+00  0.000e+00  0.000e+00  1.054e-07  2.983e-05  3.040e-03  9.891e-01  7.832e-03  5.249e-06 
 6.00   0.00     5.493e-03 -4.000  1.206e+00 0.618 9.660e+08 -1.556e-22  0.000e+00  0.000e+00  1.182e-10  1.241e-07  3.317e-05  3.172e-03  9.903e-01  6.490e-03  3.512e-06 
 5.99   0.00     5.493e-03 -4.000  1.206e+00 0.618 9.403e+08 -1.562e-22  0.000e+00  0.000e+00  1.462e-10  1.463e-07  3.696e-05  3.316e-03  9.915e-01  5.177e-03  2.158e-06 
 5.98   0.00     5.493e-03 -4.000  1.206e+00 0.618 9.160e+08 -1.567e-22  0.000e+00  0.000e+00  1.811e-10  1.730e-07  4.129e-05  3.473e-03  9.925e-01  3.901e-03  1.159e-06 
 5.97   0.00     5.493e-03 -4.000  1.206e+00 0.618 8.950e+08 -1.567e-22  0.000e+00  0.000e+00  2.260e-10  2.058e-07  4.633e-05  3.650e-03  9.931e-01  3.181e-03  7.489e-07 
 5.96   0.00     5.493e-03 -4.000  1.206e+00 0.618 8.754e+08 -1.565e-22  0.000e+00  0.000e+00  2.829e-10  2.455e-07  5.212e-05  3.842e-03  9.935e-01  2.593e-03  4.858e-07 
 5.95   0.00     5.493e-03 -4.000  1.206e+00 0.618 8.568e+08 -1.563e-22  0.000e+00  0.000e+00  3.552e-10  2.938e-07  5.879e-05  4.054e-03  9.939e-01  2.023e-03  2.854e-07 
 5.94   0.00     5.493e-03 -4.000  1.206e+00 0.618 8.389e+08 -1.561e-22  0.000e+00  0.000e+00  4.475e-10  3.529e-07  6.655e-05  4.287e-03  9.941e-01  1.474e-03  1.429e-07 
 5.93   0.00     5.493e-03 -4.000  1.206e+00 0.618 8.229e+08 -1.554e-22  0.000e+00  0.000e+00  5.665e-10  4.254e-07  7.553e-05  4.542e-03  9.942e-01  1.184e-03  8.955e-08 
 5.92   0.00     5.493e-03 -4.000  1.206e+00 0.618 8.074e+08 -1.548e-22  0.000e+00  0.000e+00  7.198e-10  5.145e-07  8.596e-05  4.823e-03  9.941e-01  9.498e-04  5.630e-08 
 5.91   0.00     5.493e-03 -4.000  1.206e+00 0.618 7.918e+08 -1.543e-22  0.000e+00  0.000e+00  9.180e-10  6.248e-07  9.818e-05  5.134e-03  9.941e-01  7.243e-04  3.156e-08 
 5.90   0.00     5.493e-03 -4.000  1.206e+00 0.618 7.758e+08 -1.538e-22  0.000e+00  0.000e+00  1.176e-09  7.621e-07  1.126e-04  5.479e-03  9.939e-01  5.077e-04  1.452e-08 
 5.89   0.00     5.493e-03 -4.000  1.206e+00 0.618 7.606e+08 -1.534e-22  0.000e+00  0.000e+00  1.510e-09  9.306e-07  1.291e-04  5.849e-03  9.936e-01  4.023e-04  8.859e-09 
 5.88   0.00     5.493e-03 -4.000  1.206e+00 0.618 7.447e+08 -1.530e-22  0.000e+00  0.000e+00  1.947e-09  1.140e-06  1.486e-04  6.258e-03  9.933e-01  3.178e-04  5.399e-09 
 5.87   0.00     5.493e-03 -4.000  1.206e+00 0.618 7.276e+08 -1.531e-22  0.000e+00  0.000e+00  2.521e-09  1.405e-06  1.717e-04  6.716e-03  9.928e-01  2.364e-04  2.878e-09 
 5.86   0.00     5.493e-03 -4.000  1.206e+00 0.618 7.088e+08 -1.536e-22  0.000e+00  0.000e+00  3.284e-09  1.740e-06  1.994e-04  7.228e-03  9.924e-01  1.580e-04  1.191e-09 
 5.85   0.00     5.493e-03 -4.000  1.206e+00 0.618 6.904e+08 -1.541e-22  0.000e+00  0.000e+00  4.272e-09  2.150e-06  2.310e-04  7.768e-03  9.918e-01  1.242e-04  7.142e-10 
 5.84   0.00     5.493e-03 -4.000  1.206e+00 0.618 6.707e+08 -1.550e-22  0.000e+00  0.000e+00  5.583e-09  2.669e-06  2.686e-04  8.368e-03  9.912e-01  9.658e-05  4.223e-10 
 5.83   0.00     5.493e-03 -4.000  1.206e+00 0.618 6.492e+08 -1.565e-22  0.000e+00  0.000e+00  7.343e-09  3.333e-06  3.139e-04  9.043e-03  9.906e-01  7.000e-05  2.131e-10 
 5.82   0.00     5.493e-03 -4.000  1.206e+00 0.618 6.256e+08 -1.587e-22  0.000e+00  0.000e+00  9.729e-09  4.191e-06  3.691e-04  9.811e-03  9.898e-01  4.406e-05  0.000e+00 
 5.81   0.00     5.493e-03 -4.000  1.206e+00 0.618 6.038e+08 -1.606e-22  0.000e+00  0.000e+00  1.282e-08  5.239e-06  4.314e-04  1.060e-02  9.889e-01  3.453e-05  0.000e+00 
 5.80   0.00     5.493e-03 -4.000  1.206e+00 0.618 5.814e+08 -1.631e-22  0.000e+00  0.000e+00  1.698e-08  6.583e-06  5.065e-04  1.149e-02  9.880e-01  2.646e-05  0.000e+00 
 5.79   0.00     5.493e-03 -4.000  1.206e+00 0.618 5.580e+08 -1.660e-22  0.000e+00  0.000e+00  2.268e-08  8.335e-06  5.985e-04  1.250e-02  9.869e-01  1.865e-05  0.000e+00 
 5.78   0.00     5.493e-03 -4.000  1.206e+00 0.618 5.340e+08 -1.695e-22  0.000e+00  0.000e+00  3.056e-08  1.064e-05  7.123e-04  1.366e-02  9.856e-01  1.106e-05  0.000e+00 
 5.77   0.00     5.493e-03 -4.000  1.206e+00 0.618 5.139e+08 -1.721e-22  0.000e+00  0.000e+00  4.077e-08  1.345e-05  8.399e-04  1.484e-02  9.843e-01  8.587e-06  0.000e+00 
 5.76   0.00     5.493e-03 -4.000  1.206e+00 0.618 4.945e+08 -1.749e-22  0.000e+00  0.000e+00  5.477e-08  1.712e-05  9.958e-04  1.617e-02  9.829e-01  6.475e-06  0.000e+00 
 5.75   0.00     5.493e-03 -4.000  1.206e+00 0.618 4.753e+08 -1.777e-22  0.000e+00  0.000e+00  7.430e-08  2.199e-05  1.190e-03  1.770e-02  9.811e-01  4.430e-06  0.000e+00 
 5.74   0.00     5.493e-03 -4.000  1.206e+00 0.618 4.571e+08 -1.806e-22  0.000e+00  0.000e+00  1.018e-07  2.851e-05  1.433e-03  1.948e-02  9.790e-01  2.485e-06  0.000e+00 
 5.73   0.00     5.493e-03 -4.000  1.206e+00 0.618 4.422e+08 -1.824e-22  0.000e+00  0.000e+00  1.377e-07  3.646e-05  1.705e-03  2.126e-02  9.770e-01  1.890e-06  0.000e+00 
 5.72   0.00     5.493e-03 -4.000  1.206e+00 0.618 4.282e+08 -1.841e-22  0.000e+00  0.000e+00  1.877e-07  4.698e-05  2.042e-03  2.329e-02  9.746e-01  1.400e-06  0.000e+00 
 5.71   0.00     5.493e-03 -4.000  1.206e+00 0.618 4.148e+08 -1.858e-22  0.000e+00  1.439e-10  2.586e-07  6.120e-05  2.466e-03  2.566e-02  9.719e-01  9.276e-07  0.000e+00 
 5.70   0.00     5.493e-03 -4.000  1.206e+00 0.618 4.020e+08 -1.873e-22  0.000e+00  2.109e-10  3.608e-07  8.060e-05  3.006e-03  2.840e-02  9.685e-01  4.894e-07  0.000e+00 
 5.69   0.00     5.493e-03 -4.000  1.206e+00 0.618 3.913e+08 -1.881e-22  0.000e+00  3.038e-10  4.943e-07  1.043e-04  3.609e-03  3.114e-02  9.652e-01  3.632e-07  0.000e+00 
 5.68   0.00     5.493e-03 -4.000  1.206e+00 0.618 3.809e+08 -1.887e-22  0.000e+00  4.416e-10  6.836e-07  1.362e-04  4.364e-03  3.428e-02  9.612e-01  2.639e-07  0.000e+00 
 5.67   0.00     5.493e-03 -4.000  1.206e+00 0.618 3.706e+08 -1.896e-22  0.000e+00  6.510e-10  9.583e-07  1.801e-04  5.330e-03  3.797e-02  9.565e-01  1.689e-07  0.000e+00 
 5.66   0.00     5.493e-03 -4.000  1.206e+00 0.618 3.603e+08 -1.906e-22  0.000e+00  9.729e-10  1.361e-06  2.409e-04  6.576e-03  4.228e-02  9.509e-01  8.277e-08  0.000e+00 
 5.65   0.00     5.493e-03 -4.000  1.206e+00 0.618 3.509e+08 -1.912e-22  0.000e+00  1.421e-09  1.890e-06  3.155e-04  7.963e-03  4.653e-02  9.452e-01  5.990e-08  0.000e+00 
 5.64   0.00     5.493e-03 -4.000  1.206e+00 0.618 3.414e+08 -1.921e-22  0.000e+00  2.097e-09  2.651e-06  4.169e-04  9.716e-03  5.142e-02  9.384e-01  4.264e-08  0.000e+00 
 5.63   0.00     5.493e-03 -4.000  1.206e+00 0.618 3.313e+08 -1.934e-22  0.000e+00  3.148e-09  3.778e-06  5.593e-04  1.199e-02  5.719e-02  9.303e-01  2.628e-08  0.000e+00 
 5.62   0.00     5.493e-03 -4.000  1.206e+00 0.618 3.204e+08 -1.954e-22  0.000e+00  4.797e-09  5.465e-06  7.604e-04  1.497e-02  6.397e-02  9.203e-01  1.170e-08  0.000e+00 
 5.61   0.00     5.493e-03 -4.000  1.206e+00 0.619 3.103e+08 -1.972e-22  0.000e+00  7.090e-09  7.672e-06  1.005e-03  1.824e-02  7.050e-02  9.102e-01  8.289e-09  0.000e+00 
 5.60   0.00     5.493e-03 -4.000  1.206e+00 0.619 2.994e+08 -1.997e-22  0.000e+00  1.062e-08  1.090e-05  1.343e-03  2.241e-02  7.800e-02  8.983e-01  5.772e-09  0.000e+00 
 5.59   0.00     5.493e-03 -4.000  1.206e+00 0.619 2.873e+08 -2.034e-22  0.000e+00  1.619e-08  1.577e-05  1.823e-03  2.789e-02  8.685e-02  8.834e-01  3.403e-09  0.000e+00 
 5.58   0.00     5.493e-03 -4.000  1.206e+00 0.619 2.739e+08 -2.085e-22  0.000e+00  2.509e-08  2.318e-05  2.512e-03  3.510e-02  9.720e-02  8.651e-01  1.328e-09  0.000e+00 
 5.57   0.00     5.493e-03 -4.000  1.205e+00 0.619 2.614e+08 -2.135e-22  0.000e+00  3.736e-08  3.274e-05  3.335e-03  4.283e-02  1.068e-01  8.471e-01  8.968e-10  0.000e+00 
 5.56   0.00     5.493e-03 -4.000  1.205e+00 0.619 2.478e+08 -2.201e-22  0.000e+00  5.643e-08  4.688e-05  4.479e-03  5.271e-02  1.175e-01  8.253e-01  5.665e-10  0.000e+00 
 5.55   0.00     5.493e-03 -4.000  1.205e+00 0.619 2.327e+08 -2.290e-22  0.000e+00  8.688e-08  6.837e-05  6.117e-03  6.566e-02  1.299e-01  7.982e-01  2.606e-10  0.000e+00 
 5.54   0.00     5.493e-03 -4.000  1.205e+00 0.619 2.163e+08 -2.408e-22  0.000e+00  1.359e-07  1.012e-04  8.468e-03  8.258e-02  1.440e-01  7.648e-01  0.000e+00  0.000e+00 
 5.53   0.00     5.493e-03 -4.000  1.205e+00 0.619 2.020e+08 -2.520e-22  0.000e+00  2.017e-07  1.424e-04  1.117e-02  9.977e-02  1.558e-01  7.331e-01  0.000e+00  0.000e+00 
 5.52   0.00     5.493e-03 -4.000  1.205e+00 0.619 1.870e+08 -2.660e-22  0.000e+00  3.034e-07  2.028e-04  1.489e-02  1.214e-01  1.684e-01  6.952e-01  0.000e+00  0.000e+00 
 5.51   0.00     5.493e-03 -4.000  1.205e+00 0.619 1.712e+08 -2.838e-22  0.000e+00  4.643e-07  2.936e-04  2.012e-02  1.488e-01  1.818e-01  6.490e-01  0.000e+00  0.000e+00 
 5.50   0.00     5.493e-03 -4.000  1.205e+00 0.619 1.554e+08 -3.057e-22  0.000e+00  7.183e-07  4.293e-04  2.741e-02  1.830e-01  1.950e-01  5.940e-01  0.000e+00  0.000e+00 
 5.49   0.00     5.493e-03 -4.000  1.205e+00 0.619 1.429e+08 -3.247e-22  0.000e+00  1.041e-06  5.890e-04  3.519e-02  2.146e-01  2.036e-01  5.460e-01  0.000e+00  0.000e+00 
 5.48   0.00     5.493e-03 -4.000  1.205e+00 0.619 1.307e+08 -3.469e-22  1.144e-10  1.524e-06  8.155e-04  4.547e-02  2.518e-01  2.108e-01  4.911e-01  0.000e+00  0.000e+00 
 5.47   0.00     5.493e-03 -4.000  1.205e+00 0.619 1.190e+08 -3.727e-22  1.764e-10  2.253e-06  1.138e-03  5.908e-02  2.952e-01  2.155e-01  4.290e-01  0.000e+00  0.000e+00 
 5.46   0.00     5.493e-03 -4.000  1.205e+00 0.619 1.080e+08 -4.010e-22  2.725e-10  3.337e-06  1.591e-03  7.664e-02  3.436e-01  2.164e-01  3.618e-01  0.000e+00  0.000e+00 
 5.45   0.00     5.493e-03 -4.000  1.205e+00 0.619 1.004e+08 -4.215e-22  3.922e-10  4.608e-06  2.078e-03  9.344e-02  3.811e-01  2.125e-01  3.109e-01  0.000e+00  0.000e+00 
 5.44   0.00     5.493e-03 -4.000  1.205e+00 0.619 9.334e+07 -4.431e-22  5.679e-10  6.400e-06  2.725e-03  1.140e-01  4.202e-01  2.051e-01  2.580e-01  0.000e+00  0.000e+00 
 5.43   0.00     5.493e-03 -4.000  1.205e+00 0.619 8.696e+07 -4.647e-22  8.251e-10  8.917e-06  3.579e-03  1.389e-01  4.590e-01  1.933e-01  2.052e-01  0.000e+00  0.000e+00 
 5.42   0.00     5.493e-03 -4.000  1.205e+00 0.619 8.147e+07 -4.847e-22  1.193e-09  1.236e-05  4.672e-03  1.676e-01  4.941e-01  1.776e-01  1.560e-01  0.000e+00  0.000e+00 
 5.41   0.00     5.493e-03 -4.000  1.204e+00 0.619 7.778e+07 -4.961e-22  1.627e-09  1.618e-05  5.776e-03  1.930e-01  5.148e-01  1.627e-01  1.238e-01  0.000e+00  0.000e+00 
 5.40   0.00     5.493e-03 -4.000  1.204e+00 0.619 7.446e+07 -5.064e-22  2.227e-09  2.126e-05  7.153e-03  2.216e-01  5.313e-01  1.456e-01  9.429e-02  0.000e+00  0.000e+00 
 5.39   0.00     5.493e-03 -4.000  1.204e+00 0.619 7.153e+07 -5.153e-22  3.060e-09  2.802e-05  8.872e-03  2.538e-01  5.421e-01  1.269e-01  6.822e-02  0.000e+00  0.000e+00 
 5.38   0.00     5.493e-03 -4.000  1.204e+00 0.619 6.902e+07 -5.218e-22  4.189e-09  3.679e-05  1.095e-02  2.886e-01  5.457e-01  1.076e-01  4.719e-02  0.000e+00  0.000e+00 
 5.37   0.00     5.493e-03 -4.000  1.204e+00 0.619 6.723e+07 -5.235e-22  5.489e-09  4.629e-05  1.299e-02  3.177e-01  5.412e-01  9.308e-02  3.499e-02  0.000e+00  0.000e+00 
 5.36   0.00     5.493e-03 -4.000  1.204e+00 0.619 6.556e+07 -5.246e-22  7.232e-09  5.854e-05  1.546e-02  3.493e-01  5.317e-01  7.858e-02  2.483e-02  0.000e+00  0.000e+00 
 5.35   0.00     5.493e-03 -4.000  1.204e+00 0.619 6.398e+07 -5.252e-22  9.594e-09  7.453e-05  1.848e-02  3.839e-01  5.166e-01  6.435e-02  1.661e-02  0.000e+00  0.000e+00 
 5.34   0.00     5.493e-03 -4.000  1.204e+00 0.619 6.252e+07 -5.253e-22  1.271e-08  9.476e-05  2.203e-02  4.197e-01  4.961e-01  5.141e-02  1.062e-02  0.000e+00  0.000e+00 
 5.33   0.00     5.493e-03 -4.000  1.204e+00 0.619 6.130e+07 -5.235e-22  1.625e-08  1.164e-04  2.548e-02  4.488e-01  4.755e-01  4.260e-02  7.474e-03  0.000e+00  0.000e+00 
 5.32   0.00     5.493e-03 -4.000  1.204e+00 0.619 6.007e+07 -5.220e-22  2.092e-08  1.439e-04  2.959e-02  4.797e-01  4.512e-01  3.438e-02  5.005e-03  0.000e+00  0.000e+00 
 5.31   0.00     5.493e-03 -4.000  1.204e+00 0.619 5.878e+07 -5.213e-22  2.718e-08  1.795e-04  3.457e-02  5.126e-01  4.227e-01  2.678e-02  3.127e-03  0.000e+00  0.000e+00 
 5.30   0.00     5.493e-03 -4.000  1.204e+00 0.619 5.747e+07 -5.211e-22  3.531e-08  2.239e-04  4.035e-02  5.456e-01  3.916e-01  2.032e-02  1.859e-03  0.000e+00  0.000e+00 
 5.29   0.00     5.493e-03 -4.000  1.204e+00 0.619 5.634e+07 -5.195e-22  4.435e-08  2.705e-04  4.582e-02  5.709e-01  3.655e-01  1.627e-02  1.251e-03  0.000e+00  0.000e+00 
 5.28   0.00     5.493e-03 -4.000  1.204e+00 0.619 5.514e+07 -5.186e-22  5.620e-08  3.295e-04  5.231e-02  5.970e-01  3.369e-01  1.262e-02  7.941e-04  0.000e+00  0.000e+00 
 5.27   0.00     5.493e-03 -4.000  1.203e+00 0.619 5.388e+07 -5.186e-22  7.197e-08  4.053e-04  6.009e-02  6.239e-01  3.058e-01  9.367e-03  4.634e-04  0.000e+00  0.000e+00 
 5.26   0.00     5.493e-03 -4.000  1.203e+00 0.619 5.263e+07 -5.189e-22  9.219e-08  4.987e-04  6.899e-02  6.493e-01  2.742e-01  6.753e-03  2.553e-04  0.000e+00  0.000e+00 
 5.25   0.00     5.493e-03 -4.000  1.203e+00 0.619 5.159e+07 -5.173e-22  1.141e-07  5.945e-04  7.718e-02  6.669e-01  2.499e-01  5.243e-03  1.651e-04  0.000e+00  0.000e+00 
 5.24   0.00     5.493e-03 -4.000  1.203e+00 0.619 5.053e+07 -5.161e-22  1.428e-07  7.155e-04  8.686e-02  6.841e-01  2.243e-01  3.913e-03  9.942e-05  0.000e+00  0.000e+00 
 5.23   0.00     5.493e-03 -4.000  1.203e+00 0.619 4.944e+07 -5.153e-22  1.808e-07  8.706e-04  9.843e-02  7.005e-01  1.974e-01  2.768e-03  5.403e-05  0.000e+00  0.000e+00 
 5.22   0.00     5.493e-03 -4.000  1.203e+00 0.619 4.840e+07 -5.145e-22  2.290e-07  1.059e-03  1.114e-01  7.142e-01  1.714e-01  1.892e-03  2.741e-05  0.000e+00  0.000e+00 
 5.21   0.00     5.493e-03 -4.000  1.203e+00 0.619 4.755e+07 -5.118e-22  2.801e-07  1.250e-03  1.231e-01  7.213e-01  1.529e-01  1.428e-03  1.710e-05  0.000e+00  0.000e+00 
 5.20   0.00     5.493e-03 -4.000  1.203e+00 0.619 4.666e+07 -5.096e-22  3.467e-07  1.490e-03  1.368e-01  7.269e-01  1.337e-01  1.026e-03  9.753e-06  0.000e+00  0.000e+00 
 5.19   0.00     5.493e-03 -4.000  1.203e+00 0.619 4.573e+07 -5.082e-22  4.347e-07  1.796e-03  1.532e-01  7.302e-01  1.141e-01  6.899e-04  4.914e-06  0.000e+00  0.000e+00 
 5.18   0.00     5.493e-03 -4.000  1.202e+00 0.619 4.477e+07 -5.071e-22  5.451e-07  2.168e-03  1.714e-01  7.301e-01  9.592e-02  4.463e-04  2.282e-06  0.000e+00  0.000e+00 
 5.17   0.00     5.493e-03 -4.000  1.202e+00 0.619 4.395e+07 -5.048e-22  6.600e-07  2.533e-03  1.872e-01  7.262e-01  8.379e-02  3.276e-04  1.375e-06  0.000e+00  0.000e+00 
 5.16   0.00     5.493e-03 -4.000  1.202e+00 0.619 4.304e+07 -5.037e-22  8.096e-07  2.997e-03  2.058e-01  7.195e-01  7.140e-02  2.262e-04  7.412e-07  0.000e+00  0.000e+00 
 5.15   0.00     5.493e-03 -4.000  1.202e+00 0.619 4.201e+07 -5.043e-22  1.007e-06  3.588e-03  2.280e-01  7.092e-01  5.901e-02  1.443e-04  3.444e-07  0.000e+00  0.000e+00 
 5.14   0.00     5.493e-03 -4.000  1.202e+00 0.620 4.090e+07 -5.061e-22  1.251e-06  4.298e-03  2.522e-01  6.954e-01  4.799e-02  8.801e-05  1.455e-07  0.000e+00  0.000e+00 
 5.13   0.00     5.493e-03 -4.000  1.201e+00 0.620 3.994e+07 -5.064e-22  1.500e-06  4.982e-03  2.726e-01  6.813e-01  4.104e-02  6.275e-05  8.447e-08  0.000e+00  0.000e+00 
 5.12   0.00     5.493e-03 -4.000  1.201e+00 0.620 3.884e+07 -5.088e-22  1.824e-06  5.848e-03  2.966e-01  6.634e-01  3.404e-02  4.154e-05  4.289e-08  0.000e+00  0.000e+00 
 5.11   0.00     5.493e-03 -4.000  1.201e+00 0.620 3.761e+07 -5.135e-22  2.249e-06  6.953e-03  3.248e-01  6.410e-01  2.718e-02  2.501e-05  1.824e-08  0.000e+00  0.000e+00 
 5.10   0.00     5.493e-03 -4.000  1.200e+00 0.620 3.631e+07 -5.196e-22  2.768e-06  8.260e-03  3.549e-01  6.154e-01  2.133e-02  1.435e-05  6.991e-09  0.000e+00  0.000e+00 
 5.09   0.00     5.493e-03 -4.000  1.200e+00 0.620 3.525e+07 -5.229e-22  3.286e-06  9.497e-03  3.796e-01  5.931e-01  1.781e-02  9.890e-06  3.876e-09  0.000e+00  0.000e+00 
 5.08   0.00     5.493e-03 -4.000  1.200e+00 0.620 3.410e+07 -5.282e-22  3.955e-06  1.105e-02  4.081e-01  5.665e-01  1.433e-02  6.254e-06  1.844e-09  0.000e+00  0.000e+00 
 5.07   0.00     5.493e-03 -4.000  1.199e+00 0.620 3.286e+07 -5.354e-22  4.826e-06  1.304e-02  4.411e-01  5.348e-01  1.100e-02  3.525e-06  7.089e-10  0.000e+00  0.000e+00 
 5.06   0.00     5.493e-03 -4.000  1.198e+00 0.621 3.169e+07 -5.426e-22  5.865e-06  1.532e-02  4.749e-01  5.015e-01  8.311e-03  1.899e-06  2.466e-10  0.000e+00  0.000e+00 
 5.05   0.00     5.493e-03 -4.000  1.197e+00 0.621 3.079e+07 -5.453e-22  6.886e-06  1.745e-02  5.016e-01  4.742e-01  6.742e-03  1.253e-06  1.285e-10  0.000e+00  0.000e+00 
 5.04   0.00     5.493e-03 -4.000  1.197e+00 0.621 2.990e+07 -5.487e-22  8.186e-06  2.012e-02  5.317e-01  4.429e-01  5.242e-03  7.537e-07  0.000e+00  0.000e+00  0.000e+00 
 5.03   0.00     5.493e-03 -4.000  1.195e+00 0.621 2.899e+07 -5.528e-22  9.863e-06  2.348e-02  5.658e-01  4.069e-01  3.843e-03  3.937e-07  0.000e+00  0.000e+00  0.000e+00 
 5.02   0.00     5.493e-03 -4.000  1.194e+00 0.622 2.819e+07 -5.551e-22  1.181e-05  2.725e-02  5.987e-01  3.712e-01  2.775e-03  1.967e-07  0.000e+00  0.000e+00  0.000e+00 
 5.01   0.00     5.493e-03 -4.000  1.193e+00 0.622 2.764e+07 -5.529e-22  1.368e-05  3.071e-02  6.233e-01  3.438e-01  2.185e-03  1.245e-07  0.000e+00  0.000e+00  0.000e+00 
 5.00   0.00     5.493e-03 -4.000  1.191e+00 0.623 2.711e+07 -5.507e-22  1.604e-05  3.498e-02  6.502e-01  3.131e-01  1.637e-03  7.088e-08  0.000e+00  0.000e+00  0.000e+00 
 4.99   0.00     5.493e-03 -4.000  1.189e+00 0.623 2.657e+07 -5.485e-22  1.906e-05  4.036e-02  6.796e-01  2.789e-01  1.138e-03  3.395e-08  0.000e+00  0.000e+00  0.000e+00 
 4.98   0.00     5.493e-03 -4.000  1.187e+00 0.624 2.611e+07 -5.448e-22  2.246e-05  4.625e-02  7.062e-01  2.468e-01  7.806e-04  1.550e-08  0.000e+00  0.000e+00  0.000e+00 
 4.97   0.00     5.493e-03 -4.000  1.184e+00 0.624 2.582e+07 -5.379e-22  2.562e-05  5.150e-02  7.241e-01  2.237e-01  5.969e-04  9.460e-09  0.000e+00  0.000e+00  0.000e+00 
 4.96   0.00     5.493e-03 -4.000  1.181e+00 0.625 2.554e+07 -5.309e-22  2.960e-05  5.800e-02  7.430e-01  1.985e-01  4.293e-04  5.081e-09  0.000e+00  0.000e+00  0.000e+00 
 4.95   0.00     5.493e-03 -4.000  1.178e+00 0.626 2.524e+07 -5.241e-22  3.467e-05  6.620e-02  7.625e-01  1.710e-01  2.815e-04  2.210e-09  0.000e+00  0.000e+00  0.000e+00 
 4.94   0.00     5.493e-03 -4.000  1.174e+00 0.627 2.500e+07 -5.161e-22  4.022e-05  7.498e-02  7.782e-01  1.466e-01  1.827e-04  9.120e-10  0.000e+00  0.000e+00  0.000e+00 
 4.93   0.00     5.493e-03 -4.000  1.170e+00 0.628 2.490e+07 -5.057e-22  4.526e-05  8.266e-02  7.869e-01  1.302e-01  1.358e-04  5.384e-10  0.000e+00  0.000e+00  0.000e+00 
 4.92   0.00     5.493e-03 -4.000  1.166e+00 0.629 2.481e+07 -4.949e-22  5.158e-05  9.222e-02  7.950e-01  1.126e-01  9.367e-05  2.724e-10  0.000e+00  0.000e+00  0.000e+00 
 4.91   0.00     5.493e-03 -4.000  1.160e+00 0.631 2.477e+07 -4.834e-22  5.965e-05  1.044e-01  8.019e-01  9.365e-02  5.771e-05  1.067e-10  0.000e+00  0.000e+00  0.000e+00 
 4.90   0.00     5.493e-03 -4.000  1.155e+00 0.633 2.480e+07 -4.705e-22  6.830e-05  1.171e-01  8.050e-01  7.783e-02  3.530e-05  0.000e+00  0.000e+00  0.000e+00  0.000e+00 
 4.89   0.00     5.493e-03 -4.000  1.151e+00 0.634 2.495e+07 -4.563e-22  7.594e-05  1.281e-01  8.040e-01  6.780e-02  2.553e-05  0.000e+00  0.000e+00  0.000e+00  0.000e+00 
 4.88   0.00     5.493e-03 -4.000  1.146e+00 0.635 2.516e+07 -4.411e-22  8.558e-05  1.419e-01  8.010e-01  5.707e-02  1.686e-05  0.000e+00  0.000e+00  0.000e+00  0.000e+00 
 4.87   0.00     5.493e-03 -4.000  1.140e+00 0.636 2.549e+07 -4.244e-22  9.795e-05  1.595e-01  7.947e-01  4.582e-02  9.706e-06  0.000e+00  0.000e+00  0.000e+00  0.000e+00 
 4.86   0.00     5.493e-03 -4.000  1.135e+00 0.638 2.590e+07 -4.072e-22  1.110e-04  1.777e-01  7.853e-01  3.686e-02  5.577e-06  0.000e+00  0.000e+00  0.000e+00  0.000e+00 
 4.85   0.00     5.493e-03 -4.000  1.130e+00 0.639 2.635e+07 -3.906e-22  1.222e-04  1.932e-01  7.752e-01  3.147e-02  3.911e-06  0.000e+00  0.000e+00  0.000e+00  0.000e+00 
 4.84   0.00     5.493e-03 -4.000  1.126e+00 0.640 2.691e+07 -3.730e-22  1.364e-04  2.127e-01  7.614e-01  2.577e-02  2.464e-06  0.000e+00  0.000e+00  0.000e+00  0.000e+00 
 4.83   0.00     5.493e-03 -4.000  1.122e+00 0.642 2.761e+07 -3.544e-22  1.548e-04  2.376e-01  7.423e-01  1.989e-02  1.317e-06  0.000e+00  0.000e+00  0.000e+00  0.000e+00 
 4.82   0.00     5.493e-03 -4.000  1.117e+00 0.643 2.835e+07 -3.367e-22  1.735e-04  2.630e-01  7.214e-01  1.545e-02  7.069e-07  0.000e+00  0.000e+00  0.000e+00  0.000e+00 
 4.81   0.00     5.493e-03 -4.000  1.115e+00 0.644 2.902e+07 -3.210e-22  1.896e-04  2.842e-01  7.028e-01  1.287e-02  4.773e-07  0.000e+00  0.000e+00  0.000e+00  0.000e+00 
 4.80   0.00     5.493e-03 -4.000  1.113e+00 0.644 2.983e+07 -3.050e-22  2.099e-04  3.108e-01  6.788e-01  1.021e-02  2.852e-07  0.000e+00  0.000e+00  0.000e+00  0.000e+00 
 4.79   0.00     5.493e-03 -4.000  1.110e+00 0.645 3.077e+07 -2.885e-22  2.360e-04  3.447e-01  6.475e-01  7.513e-03  1.397e-07  0.000e+00  0.000e+00  0.000e+00  0.000e+00 
 4.78   0.00     5.493e-03 -4.000  1.108e+00 0.646 3.167e+07 -2.736e-22  2.620e-04  3.780e-01  6.162e-01  5.593e-03  6.940e-08  0.000e+00  0.000e+00  0.000e+00  0.000e+00 
 4.77   0.00     5.493e-03 -4.000  1.107e+00 0.646 3.245e+07 -2.609e-22  2.838e-04  4.053e-01  5.899e-01  4.521e-03  4.463e-08  0.000e+00  0.000e+00  0.000e+00  0.000e+00 
 4.76   0.00     5.493e-03 -4.000  1.105e+00 0.647 3.334e+07 -2.480e-22  3.111e-04  4.390e-01  5.572e-01  3.440e-03  2.501e-08  0.000e+00  0.000e+00  0.000e+00  0.000e+00 
 4.75   0.00     5.493e-03 -4.000  1.104e+00 0.647 3.436e+07 -2.351e-22  3.463e-04  4.817e-01  5.157e-01  2.380e-03  1.098e-08  0.000e+00  0.000e+00  0.000e+00  0.000e+00 
 4.74   0.00     5.493e-03 -4.000  1.103e+00 0.647 3.528e+07 -2.236e-22  3.799e-04  5.212e-01  4.767e-01  1.679e-03  4.968e-09  0.000e+00  0.000e+00  0.000e+00  0.000e+00 
 4.73   0.00     5.493e-03 -4.000  1.103e+00 0.647 3.606e+07 -2.138e-22  4.078e-04  5.529e-01  4.454e-01  1.302e-03  3.008e-09  0.000e+00  0.000e+00  0.000e+00  0.000e+00 
 4.72   0.00     5.493e-03 -4.000  1.102e+00 0.648 3.692e+07 -2.040e-22  4.424e-04  5.911e-01  4.076e-01  9.384e-04  1.557e-09  0.000e+00  0.000e+00  0.000e+00  0.000e+00 
 4.71   0.00     5.493e-03 -4.000  1.102e+00 0.648 3.788e+07 -1.942e-22  4.867e-04  6.381e-01  3.608e-01  5.955e-04  5.931e-10  0.000e+00  0.000e+00  0.000e+00  0.000e+00 
 4.70   0.00     5.493e-03 -4.000  1.101e+00 0.648 3.870e+07 -1.857e-22  5.274e-04  6.787e-01  3.204e-01  3.904e-04  2.311e-10  0.000e+00  0.000e+00  0.000e+00  0.000e+00 
 4.69   0.00     5.493e-03 -4.000  1.101e+00 0.648 3.938e+07 -1.783e-22  5.619e-04  7.098e-01  2.894e-01  2.873e-04  1.212e-10  0.000e+00  0.000e+00  0.000e+00  0.000e+00 
 4.68   0.00     5.493e-03 -4.000  1.101e+00 0.648 4.012e+07 -1.710e-22  6.044e-04  7.460e-01  2.532e-01  1.923e-04  0.000e+00  0.000e+00  0.000e+00  0.000e+00  0.000e+00 
 4.67   0.00     5.493e-03 -4.000  1.100e+00 0.648 4.093e+07 -1.639e-22  6.582e-04  7.884e-01  2.108e-01  1.087e-04  0.000e+00  0.000e+00  0.000e+00  0.000e+00  0.000e+00 
 4.66   0.00     5.493e-03 -4.000  1.100e+00 0.648 4.157e+07 -1.576e-22  7.076e-04  8.221e-01  1.771e-01  6.448e-05  0.000e+00  0.000e+00  0.000e+00  0.000e+00  0.000e+00 
 4.65   0.00     5.493e-03 -4.000  1.099e+00 0.648 4.208e+07 -1.521e-22  7.520e-04  8.464e-01  1.528e-01  4.417e-05  0.000e+00  0.000e+00  0.000e+00  0.000e+00  0.000e+00 
 4.64   0.00     5.493e-03 -4.000  1.099e+00 0.648 4.261e+07 -1.468e-22  8.070e-04  8.733e-01  1.259e-01  2.673e-05  0.000e+00  0.000e+00  0.000e+00  0.000e+00  0.000e+00 
 4.63   0.00     5.493e-03 -4.000  1.099e+00 0.649 4.317e+07 -1.415e-22  8.762e-04  9.026e-01  9.656e-02  1.297e-05  0.000e+00  0.000e+00  0.000e+00  0.000e+00  0.000e+00 
 4.62   0.00     5.493e-03 -4.000  1.098e+00 0.649 4.355e+07 -1.371e-22  9.429e-04  9.234e-01  7.564e-02  6.755e-06  0.000e+00  0.000e+00  0.000e+00  0.000e+00  0.000e+00 
 4.61   0.00     5.493e-03 -4.000  1.097e+00 0.649 4.383e+07 -1.330e-22  1.008e-03  9.374e-01  6.163e-02  4.210e-06  0.000e+00  0.000e+00  0.000e+00  0.000e+00  0.000e+00 
 4.60   0.00     5.493e-03 -4.000  1.097e+00 0.649 4.409e+07 -1.292e-22  1.091e-03  9.517e-01  4.725e-02  2.244e-06  0.000e+00  0.000e+00  0.000e+00  0.000e+00  0.000e+00 
 4.59   0.00     5.493e-03 -4.000  1.096e+00 0.650 4.430e+07 -1.257e-22  1.195e-03  9.659e-01  3.290e-02  9.027e-07  0.000e+00  0.000e+00  0.000e+00  0.000e+00  0.000e+00 
 4.58   0.00     5.493e-03 -4.000  1.094e+00 0.650 4.436e+07 -1.225e-22  1.302e-03  9.749e-01  2.388e-02  4.035e-07  0.000e+00  0.000e+00  0.000e+00  0.000e+00  0.000e+00 
 4.57   0.00     5.493e-03 -4.000  1.093e+00 0.650 4.434e+07 -1.197e-22  1.415e-03  9.802e-01  1.833e-02  2.257e-07  0.000e+00  0.000e+00  0.000e+00  0.000e+00  0.000e+00 
 4.56   0.00     5.493e-03 -4.000  1.092e+00 0.651 4.424e+07 -1.172e-22  1.558e-03  9.854e-01  1.307e-02  1.047e-07  0.000e+00  0.000e+00  0.000e+00  0.000e+00  0.000e+00 
 4.55   0.00     5.493e-03 -4.000  1.089e+00 0.652 4.403e+07 -1.149e-22  1.742e-03  9.900e-01  8.295e-03  3.451e-08  0.000e+00  0.000e+00  0.000e+00  0.000e+00  0.000e+00 
 4.54   0.00     5.493e-03 -4.000  1.086e+00 0.652 4.373e+07 -1.130e-22  1.935e-03  9.924e-01  5.637e-03  1.291e-08  0.000e+00  0.000e+00  0.000e+00  0.000e+00  0.000e+00 
 4.53   0.00     5.493e-03 -4.000  1.084e+00 0.653 4.337e+07 -1.112e-22  2.147e-03  9.938e-01  4.126e-03  6.041e-09  0.000e+00  0.000e+00  0.000e+00  0.000e+00  0.000e+00 
 4.52   0.00     5.493e-03 -4.000  1.080e+00 0.654 4.291e+07 -1.096e-22  2.417e-03  9.948e-01  2.786e-03  2.096e-09  0.000e+00  0.000e+00  0.000e+00  0.000e+00  0.000e+00 
 4.51   0.00     5.493e-03 -4.000  1.075e+00 0.656 4.232e+07 -1.083e-22  2.770e-03  9.956e-01  1.646e-03  2.873e-10  0.000e+00  0.000e+00  0.000e+00  0.000e+00  0.000e+00 
 4.50   0.00     5.493e-03 -4.000  1.071e+00 0.657 4.169e+07 -1.073e-22  3.142e-03  9.958e-01  1.076e-03  0.000e+00  0.000e+00  0.000e+00  0.000e+00  0.000e+00  0.000e+00 
 4.49   0.00     5.493e-03 -4.000  1.066e+00 0.659 4.105e+07 -1.063e-22  3.553e-03  9.957e-01  7.691e-04  0.000e+00  0.000e+00  0.000e+00  0.000e+00  0.000e+00  0.000e+00 
 4.48   0.00     5.493e-03 -4.000  1.061e+00 0.660 4.030e+07 -1.055e-22  4.082e-03  9.954e-01  5.065e-04  0.000e+00  0.000e+00  0.000e+00  0.000e+00  0.000e+00  0.000e+00 
 4.47   0.00     5.493e-03 -4.000  1.053e+00 0.662 3.940e+07 -1.051e-22  4.788e-03  9.949e-01  2.879e-04  0.000e+00  0.000e+00  0.000e+00  0.000e+00  0.000e+00  0.000e+00 
 4.46   0.00     5.493e-03 -4.000  1.046e+00 0.664 3.852e+07 -1.047e-22  5.524e-03  9.943e-01  1.867e-04  0.000e+00  0.000e+00  0.000e+00  0.000e+00  0.000e+00  0.000e+00 
 4.45   0.00     5.493e-03 -4.000  1.040e+00 0.667 3.765e+07 -1.043e-22  6.343e-03  9.936e-01  1.339e-04  0.000e+00  0.000e+00  0.000e+00  0.000e+00  0.000e+00  0.000e+00 
 4.44   0.00     5.493e-03 -4.000  1.033e+00 0.669 3.666e+07 -1.044e-22  7.412e-03  9.925e-01  8.840e-05  0.000e+00  0.000e+00  0.000e+00  0.000e+00  0.000e+00  0.000e+00 
 4.43   0.00     5.493e-03 -4.000  1.024e+00 0.671 3.545e+07 -1.051e-22  8.880e-03  9.910e-01  4.928e-05  0.000e+00  0.000e+00  0.000e+00  0.000e+00  0.000e+00  0.000e+00 
 4.42   0.00     5.493e-03 -4.000  1.018e+00 0.674 3.432e+07 -1.057e-22  1.037e-02  9.896e-01  3.231e-05  0.000e+00  0.000e+00  0.000e+00  0.000e+00  0.000e+00  0.000e+00 
 4.41   0.00     5.493e-03 -4.000  1.012e+00 0.675 3.322e+07 -1.065e-22  1.205e-02  9.880e-01  2.340e-05  0.000e+00  0.000e+00  0.000e+00  0.000e+00  0.000e+00  0.000e+00 
 4.40   0.00     5.493e-03 -4.000  1.006e+00 0.677 3.194e+07 -1.079e-22  1.428e-02  9.857e-01  1.547e-05  0.000e+00  0.000e+00  0.000e+00  0.000e+00  0.000e+00  0.000e+00 
 4.39   0.00     5.493e-03 -4.000  9.987e-01 0.679 3.038e+07 -1.105e-22  1.745e-02  9.825e-01  8.295e-06  0.000e+00  0.000e+00  0.000e+00  0.000e+00  0.000e+00  0.000e+00 
 4.38   0.00     5.493e-03 -4.000  9.936e-01 0.681 2.906e+07 -1.126e-22  2.058e-02  9.795e-01  5.150e-06  0.000e+00  0.000e+00  0.000e+00  0.000e+00  0.000e+00  0.000e+00 
 4.37   0.00     5.493e-03 -4.000  9.887e-01 0.683 2.781e+07 -1.147e-22  2.413e-02  9.759e-01  3.355e-06  0.000e+00  0.000e+00  0.000e+00  0.000e+00  0.000e+00  0.000e+00 
 4.36   0.00     5.493e-03 -4.000  9.828e-01 0.684 2.640e+07 -1.177e-22  2.895e-02  9.711e-01  1.742e-06  0.000e+00  0.000e+00  0.000e+00  0.000e+00  0.000e+00  0.000e+00 
 4.35   0.00     5.493e-03 -4.000  9.750e-01 0.687 2.472e+07 -1.224e-22  3.598e-02  9.640e-01  3.144e-07  0.000e+00  0.000e+00  0.000e+00  0.000e+00  0.000e+00  0.000e+00 
 4.34   0.00     5.493e-03 -4.000  9.684e-01 0.690 2.344e+07 -1.258e-22  4.275e-02  9.573e-01  5.172e-10  0.000e+00  0.000e+00  0.000e+00  0.000e+00  0.000e+00  0.000e+00 
 4.33   0.00     5.493e-03 -4.000  9.614e-01 0.692 2.228e+07 -1.288e-22  5.046e-02  9.495e-01  0.000e+00  0.000e+00  0.000e+00  0.000e+00  0.000e+00  0.000e+00  0.000e+00 
 4.32   0.00     5.493e-03 -4.000  9.517e-01 0.695 2.102e+07 -1.329e-22  6.110e-02  9.389e-01  0.000e+00  0.000e+00  0.000e+00  0.000e+00  0.000e+00  0.000e+00  0.000e+00 
 4.31   0.00     5.493e-03 -4.000  9.378e-01 0.699 1.955e+07 -1.387e-22  7.691e-02  9.231e-01  0.000e+00  0.000e+00  0.000e+00  0.000e+00  0.000e+00  0.000e+00  0.000e+00 
 4.30   0.00     5.493e-03 -4.000  9.250e-01 0.704 1.853e+07 -1.420e-22  9.166e-02  9.083e-01  0.000e+00  0.000e+00  0.000e+00  0.000e+00  0.000e+00  0.000e+00  0.000e+00 
 4.29   0.00     5.493e-03 -4.000  9.107e-01 0.709 1.769e+07 -1.444e-22  1.083e-01  8.917e-01  0.000e+00  0.000e+00  0.000e+00  0.000e+00  0.000e+00  0.000e+00  0.000e+00 
 4.28   0.00     5.493e-03 -4.000  8.908e-01 0.716 1.680e+07 -1.471e-22  1.314e-01  8.686e-01  0.000e+00  0.000e+00  0.000e+00  0.000e+00  0.000e+00  0.000e+00  0.000e+00 
 4.27   0.00     5.493e-03 -4.000  8.610e-01 0.727 1.584e+07 -1.503e-22  1.656e-01  8.344e-01  0.000e+00  0.000e+00  0.000e+00  0.000e+00  0.000e+00  0.000e+00  0.000e+00 
 4.26   0.00     5.493e-03 -4.000  8.344e-01 0.737 1.530e+07 -1.499e-22  1.959e-01  8.041e-01  0.000e+00  0.000e+00  0.000e+00  0.000e+00  0.000e+00  0.000e+00  0.000e+00 
 4.25   0.00     5.493e-03 -4.000  8.051e-01 0.749 1.496e+07 -1.475e-22  2.290e-01  7.710e-01  0.000e+00  0.000e+00  0.000e+00  0.000e+00  0.000e+00  0.000e+00  0.000e+00 
 4.24   0.00     5.493e-03 -4.000  7.650e-01 0.765 1.474e+07 -1.432e-22  2.736e-01  7.264e-01  0.000e+00  0.000e+00  0.000e+00  0.000e+00  0.000e+00  0.000e+00  0.000e+00 
 4.23   0.00     5.493e-03 -4.000  7.071e-01 0.789 1.472e+07 -1.359e-22  3.367e-01  6.633e-01  0.000e+00  0.000e+00  0.000e+00  0.000e+00  0.000e+00  0.000e+00  0.000e+00 
 4.22   0.00     5.493e-03 -4.000  6.597e-01 0.810 1.503e+07 -1.266e-22  3.875e-01  6.125e-01  0.000e+00  0.000e+00  0.000e+00  0.000e+00  0.000e+00  0.000e+00  0.000e+00 
 4.21   0.00     5.493e-03 -4.000  6.107e-01 0.834 1.566e+07 -1.154e-22  4.388e-01  5.612e-01  0.000e+00  0.000e+00  0.000e+00  0.000e+00  0.000e+00  0.000e+00  0.000e+00 
 4.20   0.00     5.493e-03 -4.000  5.482e-01 0.865 1.685e+07 -1.010e-22  5.027e-01  4.973e-01  0.000e+00  0.000e+00  0.000e+00  0.000e+00  0.000e+00  0.000e+00  0.000e+00 
 4.19   0.00     5.493e-03 -4.000  4.658e-01 0.910 1.917e+07 -8.246e-23  5.846e-01  4.154e-01  0.000e+00  0.000e+00  0.000e+00  0.000e+00  0.000e+00  0.000e+00  0.000e+00 
 4.18   0.00     5.493e-03 -4.000  4.083e-01 0.945 2.174e+07 -6.846e-23  6.402e-01  3.598e-01  0.000e+00  0.000e+00  0.000e+00  0.000e+00  0.000e+00  0.000e+00  0.000e+00 
 4.17   0.00     5.493e-03 -4.000  3.552e-01 0.979 2.526e+07 -5.554e-23  6.905e-01  3.095e-01  0.000e+00  0.000e+00  0.000e+00  0.000e+00  0.000e+00  0.000e+00  0.000e+00 
 4.16   0.00     5.493e-03 -4.000  2.942e-01 1.023 3.129e+07 -4.198e-23  7.468e-01  2.532e-01  0.000e+00  0.000e+00  0.000e+00  0.000e+00  0.000e+00  0.000e+00  0.000e+00 
 4.15   0.00     5.493e-03 -4.000  2.235e-01 1.077 4.330e+07 -2.816e-23  8.104e-01  1.896e-01  0.000e+00  0.000e+00  0.000e+00  0.000e+00  0.000e+00  0.000e+00  0.000e+00 
 4.14   0.00     5.493e-03 -4.000  1.835e-01 1.111 5.566e+07 -2.075e-23  8.456e-01  1.544e-01  0.000e+00  0.000e+00  0.000e+00  0.000e+00  0.000e+00  0.000e+00  0.000e+00 
 4.13   0.00     5.493e-03 -4.000  1.501e-01 1.140 7.288e+07 -1.509e-23  8.747e-01  1.253e-01  0.000e+00  0.000e+00  0.000e+00  0.000e+00  0.000e+00  0.000e+00  0.000e+00 
 4.12   0.00     5.493e-03 -4.000  1.153e-01 1.173 1.043e+08 -1.001e-23  9.044e-01  9.552e-02  0.000e+00  0.000e+00  0.000e+00  0.000e+00  0.000e+00  0.000e+00  0.000e+00 
 4.11   0.00     5.493e-03 -4.000  7.860e-02 1.209 1.753e+08 -5.662e-24  9.354e-01  6.460e-02  0.000e+00  0.000e+00  0.000e+00  0.000e+00  0.000e+00  0.000e+00  0.000e+00 
 4.10   0.00     5.493e-03 -4.000  6.176e-02 1.227 2.457e+08 -3.883e-24  9.495e-01  5.052e-02  0.000e+00  0.000e+00  0.000e+00  0.000e+00  0.000e+00  0.000e+00  0.000e+00 
 4.09   0.00     5.493e-03 -4.000  4.831e-02 1.242 3.492e+08 -2.638e-24  9.606e-01  3.937e-02  0.000e+00  0.000e+00  0.000e+00  0.000e+00  0.000e+00  0.000e+00  0.000e+00 
 4.08   0.00     5.493e-03 -4.000  3.503e-02 1.256 5.513e+08 -1.614e-24  9.716e-01  2.842e-02  0.000e+00  0.000e+00  0.000e+00  0.000e+00  0.000e+00  0.000e+00  0.000e+00 
 4.07   0.00     5.493e-03 -4.000  2.178e-02 1.270 1.064e+09 -8.108e-25  9.824e-01  1.758e-02  0.000e+00  0.000e+00  0.000e+00  0.000e+00  0.000e+00  0.000e+00  0.000e+00 
 4.06   0.00     5.493e-03 -4.000  1.548e-02 1.278 1.661e+09 -5.026e-25  9.876e-01  1.244e-02  0.000e+00  0.000e+00  0.000e+00  0.000e+00  0.000e+00  0.000e+00  0.000e+00 
 4.05   0.00     5.493e-03 -4.000  1.034e-02 1.284 2.795e+09 -2.905e-25  9.917e-01  8.273e-03  0.000e+00  0.000e+00  0.000e+00  0.000e+00  0.000e+00  0.000e+00  0.000e+00 
 4.04   0.00     5.493e-03 -4.000  5.706e-03 1.289 5.935e+09 -1.345e-25  9.955e-01  4.522e-03  0.000e+00  0.000e+00  0.000e+00  0.000e+00  0.000e+00  0.000e+00  0.000e+00 
 4.03   0.00     5.493e-03 -4.000  2.013e-03 1.293 2.170e+10 -3.735e-26  9.985e-01  1.551e-03  0.000e+00  0.000e+00  0.000e+00  0.000e+00  0.000e+00  0.000e+00  0.000e+00 
 4.02   0.00     5.493e-03 -4.000  6.954e-04 1.295 6.893e+10 -1.118e-26  9.995e-01  4.920e-04  0.000e+00  0.000e+00  0.000e+00  0.000e+00  0.000e+00  0.000e+00  0.000e+00 
 4.01   0.00     5.493e-03 -4.000  3.792e-04 1.295 1.400e+11 -5.372e-27  9.997e-01  2.377e-04  0.000e+00  0.000e+00  0.000e+00  0.000e+00  0.000e+00  0.000e+00  0.000e+00 
 4.00   0.00     5.493e-03 -4.000  2.298e-04 1.295 2.574e+11 -2.794e-27  9.999e-01  1.183e-04  0.000e+00  0.000e+00  0.000e+00  0.000e+00  0.000e+00  0.000e+00  0.000e+00 
 3.99   0.00     5.493e-03 -4.000  1.515e-04 1.296 4.539e+11 -1.545e-27  9.999e-01  5.647e-05  0.000e+00  0.000e+00  0.000e+00  0.000e+00  0.000e+00  0.000e+00  0.000e+00 
 3.98   0.00     5.493e-03 -4.000  9.801e-05 1.296 7.586e+11 -8.999e-28  1.000e+00  1.639e-05  0.000e+00  0.000e+00  0.000e+00  0.000e+00  0.000e+00  0.000e+00  0.000e+00 
 3.97   0.00     5.493e-03 -4.000  5.920e-05 1.296 1.411e+12 -4.680e-28  1.000e+00  0.000e+00  0.000e+00  0.000e+00  0.000e+00  0.000e+00  0.000e+00  0.000e+00  0.000e+00 
 3.96   0.00     5.493e-03 -4.000  4.875e-05 1.296 2.017e+12 -3.242e-28  1.000e+00  0.000e+00  0.000e+00  0.000e+00  0.000e+00  0.000e+00  0.000e+00  0.000e+00  0.000e+00 
 3.95   0.00     5.493e-03 -4.000  3.853e-05 1.296 3.048e+12 -2.097e-28  1.000e+00  2.680e-10  0.000e+00  0.000e+00  0.000e+00  0.000e+00  0.000e+00  0.000e+00  0.000e+00 
 3.94   0.00     5.493e-03 -4.000  3.096e-05 1.296 4.257e+12 -1.467e-28  1.000e+00  1.556e-10  0.000e+00  0.000e+00  0.000e+00  0.000e+00  0.000e+00  0.000e+00  0.000e+00 
 3.93   0.00     5.493e-03 -4.000  2.538e-05 1.296 5.800e+12 -1.052e-28  1.000e+00  0.000e+00  0.000e+00  0.000e+00  0.000e+00  0.000e+00  0.000e+00  0.000e+00  0.000e+00 
 3.92   0.00     5.493e-03 -4.000  2.111e-05 1.296 7.812e+12 -7.635e-29  1.000e+00  0.000e+00  0.000e+00  0.000e+00  0.000e+00  0.000e+00  0.000e+00  0.000e+00  0.000e+00 
 3.91   0.00     5.493e-03 -4.000  1.769e-05 1.296 1.050e+13 -5.555e-29  1.000e+00  0.000e+00  0.000e+00  0.000e+00  0.000e+00  0.000e+00  0.000e+00  0.000e+00  0.000e+00 
 3.90   0.00     5.493e-03 -4.000  1.491e-05 1.296 1.342e+13 -4.246e-29  1.000e+00  0.000e+00  0.000e+00  0.000e+00  0.000e+00  0.000e+00  0.000e+00  0.000e+00  0.000e+00 
 3.89   0.00     5.493e-03 -4.000  1.261e-05 1.296 1.704e+13 -3.267e-29  1.000e+00  0.000e+00  0.000e+00  0.000e+00  0.000e+00  0.000e+00  0.000e+00  0.000e+00  0.000e+00 
