#log[T] redshift massfrac  log[nh] ne/nh     mu    tcool     Lambdanet   ionf[ 1]   ionf[ 2]   ionf[ 3]   ionf[ 4]   ionf[ 5]   ionf[ 6]   ionf[ 7]   ionf[ 8]   ionf[ 9]   ionf[10]   ionf[11]   ionf[12]   ionf[13]   ionf[14]   ionf[15]   
 7.00   0.00     6.826e-04 -4.000  1.209e+00 0.618 4.728e+10 -3.181e-23  0.000e+00  0.000e+00  0.000e+00  0.000e+00  0.000e+00  0.000e+00  0.000e+00  0.000e+00  1.138e-08  1.787e-06  2.265e-04  1.406e-02  6.158e-01  2.998e-01  7.013e-02 
 6.99   0.00     6.826e-04 -4.000  1.209e+00 0.618 4.622e+10 -3.180e-23  0.000e+00  0.000e+00  0.000e+00  0.000e+00  0.000e+00  0.000e+00  0.000e+00  0.000e+00  1.352e-08  2.035e-06  2.474e-04  1.482e-02  6.383e-01  2.860e-01  6.068e-02 
 6.98   0.00     6.826e-04 -4.000  1.209e+00 0.618 4.522e+10 -3.177e-23  0.000e+00  0.000e+00  0.000e+00  0.000e+00  0.000e+00  0.000e+00  0.000e+00  0.000e+00  1.604e-08  2.315e-06  2.700e-04  1.562e-02  6.613e-01  2.710e-01  5.183e-02 
 6.97   0.00     6.826e-04 -4.000  1.209e+00 0.618 4.427e+10 -3.172e-23  0.000e+00  0.000e+00  0.000e+00  0.000e+00  0.000e+00  0.000e+00  0.000e+00  0.000e+00  1.900e-08  2.630e-06  2.941e-04  1.643e-02  6.835e-01  2.558e-01  4.399e-02 
 6.96   0.00     6.826e-04 -4.000  1.209e+00 0.618 4.338e+10 -3.162e-23  0.000e+00  0.000e+00  0.000e+00  0.000e+00  0.000e+00  0.000e+00  0.000e+00  0.000e+00  2.248e-08  2.980e-06  3.189e-04  1.717e-02  7.026e-01  2.422e-01  3.777e-02 
 6.95   0.00     6.826e-04 -4.000  1.209e+00 0.618 4.251e+10 -3.153e-23  0.000e+00  0.000e+00  0.000e+00  0.000e+00  0.000e+00  0.000e+00  0.000e+00  1.205e-10  2.657e-08  3.373e-06  3.456e-04  1.795e-02  7.220e-01  2.278e-01  3.199e-02 
 6.94   0.00     6.826e-04 -4.000  1.209e+00 0.618 4.169e+10 -3.142e-23  0.000e+00  0.000e+00  0.000e+00  0.000e+00  0.000e+00  0.000e+00  0.000e+00  1.481e-10  3.136e-08  3.816e-06  3.746e-04  1.876e-02  7.416e-01  2.126e-01  2.670e-02 
 6.93   0.00     6.826e-04 -4.000  1.209e+00 0.618 4.091e+10 -3.130e-23  0.000e+00  0.000e+00  0.000e+00  0.000e+00  0.000e+00  0.000e+00  0.000e+00  1.821e-10  3.699e-08  4.313e-06  4.054e-04  1.957e-02  7.603e-01  1.977e-01  2.216e-02 
 6.92   0.00     6.826e-04 -4.000  1.209e+00 0.618 4.016e+10 -3.115e-23  0.000e+00  0.000e+00  0.000e+00  0.000e+00  0.000e+00  0.000e+00  0.000e+00  2.244e-10  4.364e-08  4.866e-06  4.373e-04  2.031e-02  7.758e-01  1.848e-01  1.866e-02 
 6.91   0.00     6.826e-04 -4.000  1.209e+00 0.618 3.943e+10 -3.100e-23  0.000e+00  0.000e+00  0.000e+00  0.000e+00  0.000e+00  0.000e+00  0.000e+00  2.760e-10  5.142e-08  5.488e-06  4.716e-04  2.108e-02  7.916e-01  1.714e-01  1.548e-02 
 6.90   0.00     6.826e-04 -4.000  1.209e+00 0.618 3.874e+10 -3.084e-23  0.000e+00  0.000e+00  0.000e+00  0.000e+00  0.000e+00  0.000e+00  0.000e+00  3.389e-10  6.055e-08  6.186e-06  5.085e-04  2.189e-02  8.073e-01  1.576e-01  1.261e-02 
 6.89   0.00     6.826e-04 -4.000  1.209e+00 0.618 3.805e+10 -3.068e-23  0.000e+00  0.000e+00  0.000e+00  0.000e+00  0.000e+00  0.000e+00  0.000e+00  4.164e-10  7.131e-08  6.972e-06  5.479e-04  2.270e-02  8.220e-01  1.445e-01  1.023e-02 
 6.88   0.00     6.826e-04 -4.000  1.209e+00 0.618 3.740e+10 -3.051e-23  0.000e+00  0.000e+00  0.000e+00  0.000e+00  0.000e+00  0.000e+00  0.000e+00  5.129e-10  8.404e-08  7.853e-06  5.890e-04  2.343e-02  8.340e-01  1.335e-01  8.461e-03 
 6.87   0.00     6.826e-04 -4.000  1.209e+00 0.618 3.675e+10 -3.034e-23  0.000e+00  0.000e+00  0.000e+00  0.000e+00  0.000e+00  0.000e+00  0.000e+00  6.309e-10  9.895e-08  8.842e-06  6.332e-04  2.420e-02  8.460e-01  1.223e-01  6.874e-03 
 6.86   0.00     6.826e-04 -4.000  1.209e+00 0.618 3.612e+10 -3.017e-23  0.000e+00  0.000e+00  0.000e+00  0.000e+00  0.000e+00  0.000e+00  0.000e+00  7.752e-10  1.165e-07  9.955e-06  6.810e-04  2.501e-02  8.580e-01  1.108e-01  5.464e-03 
 6.85   0.00     6.826e-04 -4.000  1.209e+00 0.618 3.549e+10 -3.001e-23  0.000e+00  0.000e+00  0.000e+00  0.000e+00  0.000e+00  0.000e+00  0.000e+00  9.538e-10  1.373e-07  1.122e-05  7.320e-04  2.581e-02  8.690e-01  1.001e-01  4.328e-03 
 6.84   0.00     6.826e-04 -4.000  1.209e+00 0.618 3.487e+10 -2.985e-23  0.000e+00  0.000e+00  0.000e+00  0.000e+00  0.000e+00  0.000e+00  0.000e+00  1.177e-09  1.620e-07  1.263e-05  7.858e-04  2.657e-02  8.777e-01  9.146e-02  3.515e-03 
 6.83   0.00     6.826e-04 -4.000  1.209e+00 0.618 3.425e+10 -2.969e-23  0.000e+00  0.000e+00  0.000e+00  0.000e+00  0.000e+00  0.000e+00  0.000e+00  1.452e-09  1.911e-07  1.424e-05  8.440e-04  2.736e-02  8.863e-01  8.269e-02  2.794e-03 
 6.82   0.00     6.826e-04 -4.000  1.209e+00 0.618 3.363e+10 -2.955e-23  0.000e+00  0.000e+00  0.000e+00  0.000e+00  0.000e+00  0.000e+00  0.000e+00  1.789e-09  2.254e-07  1.604e-05  9.069e-04  2.818e-02  8.949e-01  7.382e-02  2.164e-03 
 6.81   0.00     6.826e-04 -4.000  1.209e+00 0.618 3.302e+10 -2.941e-23  0.000e+00  0.000e+00  0.000e+00  0.000e+00  0.000e+00  0.000e+00  0.000e+00  2.209e-09  2.663e-07  1.809e-05  9.746e-04  2.901e-02  9.026e-01  6.580e-02  1.673e-03 
 6.80   0.00     6.826e-04 -4.000  1.209e+00 0.618 3.240e+10 -2.930e-23  0.000e+00  0.000e+00  0.000e+00  0.000e+00  0.000e+00  0.000e+00  0.000e+00  2.738e-09  3.153e-07  2.043e-05  1.047e-03  2.982e-02  9.083e-01  5.946e-02  1.334e-03 
 6.79   0.00     6.826e-04 -4.000  1.209e+00 0.618 3.178e+10 -2.919e-23  0.000e+00  0.000e+00  0.000e+00  0.000e+00  0.000e+00  0.000e+00  0.000e+00  3.393e-09  3.734e-07  2.308e-05  1.125e-03  3.065e-02  9.141e-01  5.306e-02  1.037e-03 
 6.78   0.00     6.826e-04 -4.000  1.209e+00 0.618 3.115e+10 -2.910e-23  0.000e+00  0.000e+00  0.000e+00  0.000e+00  0.000e+00  0.000e+00  0.000e+00  4.202e-09  4.423e-07  2.610e-05  1.211e-03  3.154e-02  9.198e-01  4.666e-02  7.816e-04 
 6.77   0.00     6.826e-04 -4.000  1.209e+00 0.618 3.051e+10 -2.903e-23  0.000e+00  0.000e+00  0.000e+00  0.000e+00  0.000e+00  0.000e+00  0.000e+00  5.220e-09  5.250e-07  2.955e-05  1.304e-03  3.245e-02  9.246e-01  4.104e-02  5.897e-04 
 6.76   0.00     6.826e-04 -4.000  1.209e+00 0.618 2.988e+10 -2.896e-23  0.000e+00  0.000e+00  0.000e+00  0.000e+00  0.000e+00  0.000e+00  0.000e+00  6.510e-09  6.251e-07  3.351e-05  1.404e-03  3.335e-02  9.281e-01  3.664e-02  4.607e-04 
 6.75   0.00     6.826e-04 -4.000  1.209e+00 0.618 2.924e+10 -2.892e-23  0.000e+00  0.000e+00  0.000e+00  0.000e+00  0.000e+00  0.000e+00  0.000e+00  8.121e-09  7.445e-07  3.804e-05  1.513e-03  3.430e-02  9.315e-01  3.227e-02  3.497e-04 
 6.74   0.00     6.826e-04 -4.000  1.209e+00 0.618 2.860e+10 -2.890e-23  0.000e+00  0.000e+00  0.000e+00  0.000e+00  0.000e+00  0.000e+00  0.000e+00  1.013e-08  8.875e-07  4.322e-05  1.633e-03  3.530e-02  9.348e-01  2.793e-02  2.558e-04 
 6.73   0.00     6.826e-04 -4.000  1.209e+00 0.618 2.795e+10 -2.890e-23  0.000e+00  0.000e+00  0.000e+00  0.000e+00  0.000e+00  0.000e+00  0.000e+00  1.269e-08  1.061e-06  4.919e-05  1.764e-03  3.634e-02  9.374e-01  2.420e-02  1.880e-04 
 6.72   0.00     6.826e-04 -4.000  1.209e+00 0.618 2.731e+10 -2.890e-23  0.000e+00  0.000e+00  0.000e+00  0.000e+00  0.000e+00  0.000e+00  1.083e-10  1.595e-08  1.272e-06  5.613e-05  1.908e-03  3.742e-02  9.391e-01  2.137e-02  1.439e-04 
 6.71   0.00     6.826e-04 -4.000  1.209e+00 0.618 2.666e+10 -2.894e-23  0.000e+00  0.000e+00  0.000e+00  0.000e+00  0.000e+00  0.000e+00  1.425e-10  2.007e-08  1.527e-06  6.413e-05  2.066e-03  3.855e-02  9.407e-01  1.856e-02  1.065e-04 
 6.70   0.00     6.826e-04 -4.000  1.209e+00 0.618 2.599e+10 -2.900e-23  0.000e+00  0.000e+00  0.000e+00  0.000e+00  0.000e+00  0.000e+00  1.877e-10  2.528e-08  1.835e-06  7.338e-05  2.240e-03  3.976e-02  9.420e-01  1.578e-02  7.541e-05 
 6.69   0.00     6.826e-04 -4.000  1.209e+00 0.618 2.534e+10 -2.907e-23  0.000e+00  0.000e+00  0.000e+00  0.000e+00  0.000e+00  0.000e+00  2.483e-10  3.197e-08  2.213e-06  8.416e-05  2.434e-03  4.103e-02  9.429e-01  1.347e-02  5.383e-05 
 6.68   0.00     6.826e-04 -4.000  1.209e+00 0.618 2.468e+10 -2.916e-23  0.000e+00  0.000e+00  0.000e+00  0.000e+00  0.000e+00  0.000e+00  3.303e-10  4.059e-08  2.677e-06  9.678e-05  2.646e-03  4.236e-02  9.431e-01  1.176e-02  4.038e-05 
 6.67   0.00     6.826e-04 -4.000  1.209e+00 0.618 2.403e+10 -2.928e-23  0.000e+00  0.000e+00  0.000e+00  0.000e+00  0.000e+00  0.000e+00  4.397e-10  5.162e-08  3.245e-06  1.115e-04  2.883e-03  4.379e-02  9.431e-01  1.007e-02  2.911e-05 
 6.66   0.00     6.826e-04 -4.000  1.208e+00 0.618 2.335e+10 -2.944e-23  0.000e+00  0.000e+00  0.000e+00  0.000e+00  0.000e+00  0.000e+00  5.863e-10  6.577e-08  3.940e-06  1.287e-04  3.146e-03  4.531e-02  9.430e-01  8.403e-03  1.987e-05 
 6.65   0.00     6.826e-04 -4.000  1.208e+00 0.618 2.268e+10 -2.962e-23  0.000e+00  0.000e+00  0.000e+00  0.000e+00  0.000e+00  0.000e+00  7.855e-10  8.412e-08  4.800e-06  1.489e-04  3.440e-03  4.693e-02  9.424e-01  7.057e-03  1.375e-05 
 6.64   0.00     6.826e-04 -4.000  1.208e+00 0.618 2.201e+10 -2.983e-23  0.000e+00  0.000e+00  0.000e+00  0.000e+00  0.000e+00  0.000e+00  1.057e-09  1.080e-07  5.868e-06  1.728e-04  3.767e-03  4.866e-02  9.413e-01  6.087e-03  1.010e-05 
 6.63   0.00     6.826e-04 -4.000  1.208e+00 0.618 2.132e+10 -3.009e-23  0.000e+00  0.000e+00  0.000e+00  0.000e+00  0.000e+00  0.000e+00  1.426e-09  1.390e-07  7.190e-06  2.009e-04  4.134e-03  5.052e-02  9.400e-01  5.133e-03  7.074e-06 
 6.62   0.00     6.826e-04 -4.000  1.208e+00 0.618 2.062e+10 -3.041e-23  0.000e+00  0.000e+00  0.000e+00  0.000e+00  0.000e+00  0.000e+00  1.930e-09  1.794e-07  8.833e-06  2.342e-04  4.546e-03  5.250e-02  9.386e-01  4.197e-03  4.641e-06 
 6.61   0.00     6.826e-04 -4.000  1.208e+00 0.618 1.992e+10 -3.076e-23  0.000e+00  0.000e+00  0.000e+00  0.000e+00  0.000e+00  0.000e+00  2.622e-09  2.325e-07  1.088e-05  2.738e-04  5.009e-03  5.463e-02  9.366e-01  3.467e-03  3.110e-06 
 6.60   0.00     6.826e-04 -4.000  1.208e+00 0.618 1.922e+10 -3.115e-23  0.000e+00  0.000e+00  0.000e+00  0.000e+00  0.000e+00  0.000e+00  3.577e-09  3.024e-07  1.346e-05  3.210e-04  5.528e-03  5.692e-02  9.342e-01  2.951e-03  2.232e-06 
 6.59   0.00     6.826e-04 -4.000  1.208e+00 0.618 1.851e+10 -3.161e-23  0.000e+00  0.000e+00  0.000e+00  0.000e+00  0.000e+00  0.000e+00  4.896e-09  3.944e-07  1.669e-05  3.772e-04  6.116e-03  5.938e-02  9.317e-01  2.448e-03  1.515e-06 
 6.58   0.00     6.826e-04 -4.000  1.208e+00 0.618 1.779e+10 -3.216e-23  0.000e+00  0.000e+00  0.000e+00  0.000e+00  0.000e+00  0.000e+00  6.725e-09  5.164e-07  2.077e-05  4.447e-04  6.782e-03  6.202e-02  9.288e-01  1.959e-03  9.523e-07 
 6.57   0.00     6.826e-04 -4.000  1.208e+00 0.618 1.706e+10 -3.275e-23  0.000e+00  0.000e+00  0.000e+00  0.000e+00  0.000e+00  0.000e+00  9.274e-09  6.783e-07  2.593e-05  5.255e-04  7.535e-03  6.487e-02  9.254e-01  1.588e-03  6.159e-07 
 6.56   0.00     6.826e-04 -4.000  1.208e+00 0.618 1.635e+10 -3.340e-23  0.000e+00  0.000e+00  0.000e+00  0.000e+00  0.000e+00  0.000e+00  1.284e-08  8.936e-07  3.245e-05  6.224e-04  8.383e-03  6.792e-02  9.217e-01  1.334e-03  4.309e-07 
 6.55   0.00     6.826e-04 -4.000  1.208e+00 0.618 1.563e+10 -3.415e-23  0.000e+00  0.000e+00  0.000e+00  0.000e+00  0.000e+00  0.000e+00  1.784e-08  1.182e-06  4.076e-05  7.396e-04  9.352e-03  7.121e-02  9.175e-01  1.087e-03  2.828e-07 
 6.54   0.00     6.826e-04 -4.000  1.208e+00 0.618 1.489e+10 -3.500e-23  0.000e+00  0.000e+00  0.000e+00  0.000e+00  0.000e+00  1.070e-10  2.491e-08  1.572e-06  5.142e-05  8.821e-04  1.047e-02  7.478e-02  9.130e-01  8.482e-04  1.693e-07 
 6.53   0.00     6.826e-04 -4.000  1.208e+00 0.618 1.419e+10 -3.592e-23  0.000e+00  0.000e+00  0.000e+00  0.000e+00  0.000e+00  1.572e-10  3.488e-08  2.093e-06  6.500e-05  1.054e-03  1.172e-02  7.860e-02  9.079e-01  6.744e-04  1.055e-07 
 6.52   0.00     6.826e-04 -4.000  1.208e+00 0.618 1.350e+10 -3.689e-23  0.000e+00  0.000e+00  0.000e+00  0.000e+00  0.000e+00  2.316e-10  4.896e-08  2.794e-06  8.231e-05  1.261e-03  1.314e-02  8.267e-02  9.023e-01  5.576e-04  7.177e-08 
 6.51   0.00     6.826e-04 -4.000  1.208e+00 0.618 1.282e+10 -3.798e-23  0.000e+00  0.000e+00  0.000e+00  0.000e+00  0.000e+00  3.429e-10  6.911e-08  3.750e-06  1.047e-04  1.516e-03  1.478e-02  8.708e-02  8.960e-01  4.455e-04  4.541e-08 
 6.50   0.00     6.826e-04 -4.000  1.208e+00 0.618 1.214e+10 -3.919e-23  0.000e+00  0.000e+00  0.000e+00  0.000e+00  0.000e+00  5.108e-10  9.814e-08  5.061e-06  1.339e-04  1.828e-03  1.668e-02  9.187e-02  8.891e-01  3.379e-04  2.569e-08 
 6.49   0.00     6.826e-04 -4.000  1.208e+00 0.618 1.149e+10 -4.045e-23  0.000e+00  0.000e+00  0.000e+00  0.000e+00  0.000e+00  7.621e-10  1.395e-07  6.836e-06  1.714e-04  2.208e-03  1.882e-02  9.694e-02  8.816e-01  2.631e-04  1.540e-08 
 6.48   0.00     6.826e-04 -4.000  1.208e+00 0.618 1.088e+10 -4.173e-23  0.000e+00  0.000e+00  0.000e+00  0.000e+00  0.000e+00  1.139e-09  1.987e-07  9.243e-06  2.195e-04  2.667e-03  2.125e-02  1.023e-01  8.733e-01  2.139e-04  1.015e-08 
 6.47   0.00     6.826e-04 -4.000  1.208e+00 0.618 1.029e+10 -4.315e-23  0.000e+00  0.000e+00  0.000e+00  0.000e+00  0.000e+00  1.714e-09  2.846e-07  1.257e-05  2.827e-04  3.237e-03  2.407e-02  1.081e-01  8.641e-01  1.672e-04  6.169e-09 
 6.46   0.00     6.826e-04 -4.000  1.208e+00 0.618 9.707e+09 -4.467e-23  0.000e+00  0.000e+00  0.000e+00  0.000e+00  0.000e+00  2.599e-09  4.108e-07  1.722e-05  3.664e-04  3.948e-03  2.736e-02  1.145e-01  8.538e-01  1.225e-04  3.264e-09 
 6.45   0.00     6.826e-04 -4.000  1.208e+00 0.618 9.167e+09 -4.623e-23  0.000e+00  0.000e+00  0.000e+00  0.000e+00  0.000e+00  3.936e-09  5.922e-07  2.355e-05  4.740e-04  4.809e-03  3.105e-02  1.210e-01  8.425e-01  9.310e-05  1.870e-09 
 6.44   0.00     6.826e-04 -4.000  1.208e+00 0.618 8.659e+09 -4.783e-23  0.000e+00  0.000e+00  0.000e+00  0.000e+00  0.000e+00  5.965e-09  8.538e-07  3.221e-05  6.131e-04  5.855e-03  3.522e-02  1.279e-01  8.303e-01  7.437e-05  1.197e-09 
 6.43   0.00     6.826e-04 -4.000  1.208e+00 0.618 8.167e+09 -4.955e-23  0.000e+00  0.000e+00  0.000e+00  0.000e+00  0.000e+00  9.110e-09  1.240e-06  4.436e-05  7.979e-04  7.164e-03  4.008e-02  1.352e-01  8.166e-01  5.668e-05  6.950e-10 
 6.42   0.00     6.826e-04 -4.000  1.208e+00 0.618 7.690e+09 -5.144e-23  0.000e+00  0.000e+00  0.000e+00  0.000e+00  0.000e+00  1.403e-08  1.817e-06  6.158e-05  1.046e-03  8.814e-03  4.579e-02  1.432e-01  8.011e-01  3.983e-05  3.402e-10 
 6.41   0.00     6.826e-04 -4.000  1.208e+00 0.618 7.251e+09 -5.330e-23  0.000e+00  0.000e+00  0.000e+00  0.000e+00  0.000e+00  2.153e-08  2.650e-06  8.506e-05  1.364e-03  1.081e-02  5.211e-02  1.513e-01  7.843e-01  2.940e-05  1.848e-10 
 6.40   0.00     6.826e-04 -4.000  1.208e+00 0.618 6.841e+09 -5.520e-23  0.000e+00  0.000e+00  0.000e+00  0.000e+00  1.086e-10  3.297e-08  3.857e-06  1.173e-04  1.777e-03  1.321e-02  5.919e-02  1.594e-01  7.662e-01  2.301e-05  1.145e-10 
 6.39   0.00     6.826e-04 -4.000  1.208e+00 0.618 6.444e+09 -5.728e-23  0.000e+00  0.000e+00  0.000e+00  0.000e+00  1.760e-10  5.094e-08  5.663e-06  1.629e-04  2.328e-03  1.624e-02  6.742e-02  1.681e-01  7.458e-01  1.700e-05  0.000e+00 
 6.38   0.00     6.826e-04 -4.000  1.208e+00 0.618 6.057e+09 -5.955e-23  0.000e+00  0.000e+00  0.000e+00  0.000e+00  2.885e-10  7.950e-08  8.392e-06  2.283e-04  3.072e-03  2.006e-02  7.702e-02  1.771e-01  7.226e-01  1.137e-05  0.000e+00 
 6.37   0.00     6.826e-04 -4.000  1.208e+00 0.618 5.693e+09 -6.191e-23  0.000e+00  0.000e+00  0.000e+00  0.000e+00  4.679e-10  1.229e-07  1.232e-05  3.170e-04  4.020e-03  2.459e-02  8.740e-02  1.857e-01  6.980e-01  8.092e-06  0.000e+00 
 6.36   0.00     6.826e-04 -4.000  1.208e+00 0.618 5.347e+09 -6.442e-23  0.000e+00  0.000e+00  0.000e+00  0.000e+00  7.569e-10  1.892e-07  1.801e-05  4.382e-04  5.240e-03  3.004e-02  9.877e-02  1.940e-01  6.716e-01  6.157e-06  0.000e+00 
 6.35   0.00     6.826e-04 -4.000  1.208e+00 0.618 5.011e+09 -6.717e-23  0.000e+00  0.000e+00  0.000e+00  0.000e+00  1.235e-09  2.939e-07  2.654e-05  6.103e-04  6.867e-03  3.682e-02  1.118e-01  2.021e-01  6.419e-01  4.371e-06  0.000e+00 
 6.34   0.00     6.826e-04 -4.000  1.208e+00 0.618 4.686e+09 -7.019e-23  0.000e+00  0.000e+00  0.000e+00  0.000e+00  2.035e-09  4.609e-07  3.947e-05  8.564e-04  9.056e-03  4.531e-02  1.265e-01  2.099e-01  6.083e-01  2.744e-06  0.000e+00 
 6.33   0.00     6.826e-04 -4.000  1.208e+00 0.618 4.389e+09 -7.323e-23  0.000e+00  0.000e+00  0.000e+00  0.000e+00  3.301e-09  7.114e-07  5.778e-05  1.183e-03  1.178e-02  5.506e-02  1.417e-01  2.163e-01  5.739e-01  1.860e-06  0.000e+00 
 6.32   0.00     6.826e-04 -4.000  1.208e+00 0.618 4.113e+09 -7.637e-23  0.000e+00  0.000e+00  0.000e+00  0.000e+00  5.320e-09  1.091e-06  8.402e-05  1.625e-03  1.521e-02  6.643e-02  1.577e-01  2.213e-01  5.376e-01  1.359e-06  0.000e+00 
 6.31   0.00     6.826e-04 -4.000  1.208e+00 0.618 3.849e+09 -7.974e-23  0.000e+00  0.000e+00  0.000e+00  0.000e+00  8.633e-09  1.684e-06  1.229e-04  2.241e-03  1.969e-02  8.020e-02  1.750e-01  2.250e-01  4.978e-01  9.134e-07  0.000e+00 
 6.30   0.00     6.826e-04 -4.000  1.207e+00 0.618 3.599e+09 -8.336e-23  0.000e+00  0.000e+00  0.000e+00  0.000e+00  1.412e-08  2.617e-06  1.809e-04  3.105e-03  2.557e-02  9.681e-02  1.934e-01  2.268e-01  4.543e-01  5.280e-07  0.000e+00 
 6.29   0.00     6.826e-04 -4.000  1.207e+00 0.618 3.372e+09 -8.695e-23  0.000e+00  0.000e+00  0.000e+00  0.000e+00  2.255e-08  3.976e-06  2.602e-04  4.210e-03  3.255e-02  1.148e-01  2.106e-01  2.259e-01  4.117e-01  3.348e-07  0.000e+00 
 6.28   0.00     6.826e-04 -4.000  1.207e+00 0.618 3.162e+09 -9.059e-23  0.000e+00  0.000e+00  0.000e+00  0.000e+00  3.566e-08  5.978e-06  3.705e-04  5.647e-03  4.096e-02  1.347e-01  2.266e-01  2.227e-01  3.691e-01  2.304e-07  0.000e+00 
 6.27   0.00     6.826e-04 -4.000  1.207e+00 0.618 2.966e+09 -9.437e-23  0.000e+00  0.000e+00  0.000e+00  0.000e+00  5.660e-08  9.013e-06  5.286e-04  7.579e-03  5.149e-02  1.572e-01  2.420e-01  2.166e-01  3.247e-01  1.435e-07  0.000e+00 
 6.26   0.00     6.826e-04 -4.000  1.207e+00 0.618 2.784e+09 -9.829e-23  0.000e+00  0.000e+00  0.000e+00  0.000e+00  9.011e-08  1.362e-05  7.553e-04  1.017e-02  6.455e-02  1.825e-01  2.557e-01  2.073e-01  2.790e-01  7.432e-08  0.000e+00 
 6.25   0.00     6.826e-04 -4.000  1.207e+00 0.618 2.623e+09 -1.020e-22  0.000e+00  0.000e+00  0.000e+00  0.000e+00  1.394e-07  2.002e-05  1.049e-03  1.328e-02  7.896e-02  2.072e-01  2.654e-01  1.958e-01  2.382e-01  4.310e-08  0.000e+00 
 6.24   0.00     6.826e-04 -4.000  1.207e+00 0.618 2.477e+09 -1.055e-22  0.000e+00  0.000e+00  0.000e+00  0.000e+00  2.126e-07  2.899e-05  1.438e-03  1.712e-02  9.521e-02  2.320e-01  2.714e-01  1.823e-01  2.004e-01  2.737e-08  0.000e+00 
 6.23   0.00     6.826e-04 -4.000  1.207e+00 0.618 2.343e+09 -1.089e-22  0.000e+00  0.000e+00  0.000e+00  1.017e-10  3.244e-07  4.200e-05  1.966e-03  2.197e-02  1.141e-01  2.574e-01  2.739e-01  1.665e-01  1.643e-01  1.549e-08  0.000e+00 
 6.22   0.00     6.826e-04 -4.000  1.207e+00 0.618 2.218e+09 -1.125e-22  0.000e+00  0.000e+00  0.000e+00  1.604e-10  4.955e-07  6.083e-05  2.686e-03  2.811e-02  1.359e-01  2.824e-01  2.719e-01  1.485e-01  1.304e-01  6.979e-09  0.000e+00 
 6.21   0.00     6.826e-04 -4.000  1.207e+00 0.618 2.109e+09 -1.156e-22  0.000e+00  0.000e+00  0.000e+00  2.448e-10  7.326e-07  8.536e-05  3.560e-03  3.494e-02  1.578e-01  3.034e-01  2.655e-01  1.313e-01  1.034e-01  3.653e-09  0.000e+00 
 6.20   0.00     6.826e-04 -4.000  1.207e+00 0.618 2.010e+09 -1.185e-22  0.000e+00  0.000e+00  0.000e+00  3.687e-10  1.070e-06  1.183e-04  4.653e-03  4.286e-02  1.807e-01  3.212e-01  2.555e-01  1.143e-01  8.081e-02  2.116e-09  0.000e+00 
 6.19   0.00     6.826e-04 -4.000  1.207e+00 0.618 1.917e+09 -1.214e-22  0.000e+00  0.000e+00  0.000e+00  5.556e-10  1.561e-06  1.637e-04  6.071e-03  5.233e-02  2.052e-01  3.360e-01  2.418e-01  9.720e-02  6.116e-02  1.078e-09  0.000e+00 
 6.18   0.00     6.826e-04 -4.000  1.207e+00 0.618 1.832e+09 -1.243e-22  0.000e+00  0.000e+00  0.000e+00  8.390e-10  2.284e-06  2.267e-04  7.915e-03  6.366e-02  2.314e-01  3.474e-01  2.245e-01  8.037e-02  4.454e-02  4.131e-10  0.000e+00 
 6.17   0.00     6.826e-04 -4.000  1.207e+00 0.618 1.755e+09 -1.267e-22  0.000e+00  0.000e+00  0.000e+00  1.225e-09  3.235e-06  3.044e-04  1.002e-02  7.544e-02  2.554e-01  3.531e-01  2.064e-01  6.647e-02  3.284e-02  1.958e-10  0.000e+00 
 6.16   0.00     6.826e-04 -4.000  1.207e+00 0.618 1.684e+09 -1.290e-22  0.000e+00  0.000e+00  0.000e+00  1.774e-09  4.540e-06  4.048e-04  1.255e-02  8.844e-02  2.785e-01  3.546e-01  1.874e-01  5.422e-02  2.387e-02  1.037e-10  0.000e+00 
 6.15   0.00     6.826e-04 -4.000  1.207e+00 0.618 1.617e+09 -1.313e-22  0.000e+00  0.000e+00  0.000e+00  2.574e-09  6.386e-06  5.390e-04  1.573e-02  1.034e-01  3.017e-01  3.520e-01  1.670e-01  4.308e-02  1.672e-02  0.000e+00  0.000e+00 
 6.14   0.00     6.826e-04 -4.000  1.207e+00 0.618 1.553e+09 -1.336e-22  0.000e+00  0.000e+00  0.000e+00  3.755e-09  9.029e-06  7.202e-04  1.972e-02  1.205e-01  3.244e-01  3.447e-01  1.457e-01  3.313e-02  1.119e-02  0.000e+00  0.000e+00 
 6.13   0.00     6.826e-04 -4.000  1.207e+00 0.618 1.495e+09 -1.356e-22  0.000e+00  0.000e+00  0.000e+00  5.297e-09  1.235e-05  9.336e-04  2.405e-02  1.372e-01  3.428e-01  3.343e-01  1.271e-01  2.582e-02  7.725e-03  0.000e+00  0.000e+00 
 6.12   0.00     6.826e-04 -4.000  1.207e+00 0.618 1.441e+09 -1.375e-22  0.000e+00  0.000e+00  0.000e+00  7.431e-09  1.682e-05  1.203e-03  2.914e-02  1.550e-01  3.591e-01  3.209e-01  1.096e-01  1.986e-02  5.250e-03  0.000e+00  0.000e+00 
 6.11   0.00     6.826e-04 -4.000  1.207e+00 0.618 1.389e+09 -1.395e-22  0.000e+00  0.000e+00  0.000e+00  1.048e-08  2.300e-05  1.554e-03  3.533e-02  1.747e-01  3.735e-01  3.041e-01  9.258e-02  1.482e-02  3.424e-03  0.000e+00  0.000e+00 
 6.10   0.00     6.826e-04 -4.000  1.207e+00 0.618 1.337e+09 -1.415e-22  0.000e+00  0.000e+00  0.000e+00  1.487e-08  3.166e-05  2.018e-03  4.293e-02  1.965e-01  3.856e-01  2.838e-01  7.628e-02  1.064e-02  2.114e-03  0.000e+00  0.000e+00 
 6.09   0.00     6.826e-04 -4.000  1.207e+00 0.618 1.291e+09 -1.432e-22  0.000e+00  0.000e+00  0.000e+00  2.044e-08  4.223e-05  2.546e-03  5.086e-02  2.167e-01  3.931e-01  2.642e-01  6.347e-02  7.852e-03  1.369e-03  0.000e+00  0.000e+00 
 6.08   0.00     6.826e-04 -4.000  1.207e+00 0.618 1.247e+09 -1.449e-22  0.000e+00  0.000e+00  0.000e+00  2.797e-08  5.611e-05  3.198e-03  5.991e-02  2.374e-01  3.973e-01  2.434e-01  5.218e-02  5.715e-03  8.734e-04  0.000e+00  0.000e+00 
 6.07   0.00     6.826e-04 -4.000  1.207e+00 0.618 1.204e+09 -1.467e-22  0.000e+00  0.000e+00  0.000e+00  3.852e-08  7.499e-05  4.032e-03  7.069e-02  2.593e-01  3.985e-01  2.209e-01  4.189e-02  4.012e-03  5.300e-04  0.000e+00  0.000e+00 
 6.06   0.00     6.826e-04 -4.000  1.207e+00 0.618 1.162e+09 -1.485e-22  0.000e+00  0.000e+00  0.000e+00  5.348e-08  1.010e-04  5.112e-03  8.358e-02  2.825e-01  3.961e-01  1.970e-01  3.265e-02  2.691e-03  3.014e-04  0.000e+00  0.000e+00 
 6.05   0.00     6.826e-04 -4.000  1.207e+00 0.618 1.125e+09 -1.499e-22  0.000e+00  0.000e+00  0.000e+00  7.184e-08  1.319e-04  6.300e-03  9.650e-02  3.024e-01  3.903e-01  1.762e-01  2.593e-02  1.879e-03  1.833e-04  0.000e+00  0.000e+00 
 6.04   0.00     6.826e-04 -4.000  1.207e+00 0.618 1.089e+09 -1.513e-22  0.000e+00  0.000e+00  0.000e+00  9.623e-08  1.716e-04  7.736e-03  1.109e-01  3.218e-01  3.815e-01  1.561e-01  2.034e-02  1.293e-03  1.096e-04  0.000e+00  0.000e+00 
 6.03   0.00     6.826e-04 -4.000  1.207e+00 0.618 1.055e+09 -1.527e-22  0.000e+00  0.000e+00  0.000e+00  1.298e-07  2.247e-04  9.542e-03  1.276e-01  3.412e-01  3.693e-01  1.357e-01  1.551e-02  8.526e-04  6.169e-05  0.000e+00  0.000e+00 
 6.02   0.00     6.826e-04 -4.000  1.207e+00 0.618 1.022e+09 -1.540e-22  0.000e+00  0.000e+00  0.000e+00  1.765e-07  2.966e-04  1.182e-02  1.470e-01  3.602e-01  3.533e-01  1.155e-01  1.140e-02  5.323e-04  3.216e-05  0.000e+00  0.000e+00 
 6.01   0.00     6.826e-04 -4.000  1.207e+00 0.618 9.928e+08 -1.549e-22  0.000e+00  0.000e+00  0.000e+00  2.322e-07  3.795e-04  1.426e-02  1.656e-01  3.748e-01  3.367e-01  9.928e-02  8.638e-03  3.513e-04  1.832e-05  0.000e+00  0.000e+00 
 6.00   0.00     6.826e-04 -4.000  1.206e+00 0.618 9.660e+08 -1.556e-22  0.000e+00  0.000e+00  1.312e-10  3.048e-07  4.845e-04  1.715e-02  1.857e-01  3.876e-01  3.180e-01  8.436e-02  6.452e-03  2.280e-04  1.022e-05  0.000e+00  0.000e+00 
 5.99   0.00     6.826e-04 -4.000  1.206e+00 0.618 9.403e+08 -1.562e-22  0.000e+00  0.000e+00  1.805e-10  4.032e-07  6.227e-04  2.070e-02  2.083e-01  3.987e-01  2.968e-01  7.013e-02  4.654e-03  1.405e-04  5.311e-06  0.000e+00  0.000e+00 
 5.98   0.00     6.826e-04 -4.000  1.206e+00 0.618 9.160e+08 -1.567e-22  0.000e+00  0.000e+00  2.499e-10  5.372e-07  8.060e-04  2.510e-02  2.337e-01  4.076e-01  2.727e-01  5.675e-02  3.216e-03  8.118e-05  2.521e-06  0.000e+00  0.000e+00 
 5.97   0.00     6.826e-04 -4.000  1.206e+00 0.618 8.950e+08 -1.567e-22  0.000e+00  0.000e+00  3.359e-10  6.928e-07  1.012e-03  2.964e-02  2.570e-01  4.121e-01  2.511e-01  4.680e-02  2.319e-03  5.049e-05  1.339e-06  0.000e+00  0.000e+00 
 5.96   0.00     6.826e-04 -4.000  1.206e+00 0.618 8.754e+08 -1.565e-22  0.000e+00  0.000e+00  4.506e-10  8.918e-07  1.268e-03  3.491e-02  2.814e-01  4.138e-01  2.290e-01  3.809e-02  1.644e-03  3.078e-05  6.944e-07  0.000e+00  0.000e+00 
 5.95   0.00     6.826e-04 -4.000  1.206e+00 0.618 8.568e+08 -1.563e-22  0.000e+00  0.000e+00  6.086e-10  1.157e-06  1.600e-03  4.125e-02  3.078e-01  4.125e-01  2.055e-01  3.017e-02  1.118e-03  1.764e-05  3.308e-07  0.000e+00  0.000e+00 
 5.94   0.00     6.826e-04 -4.000  1.206e+00 0.618 8.389e+08 -1.561e-22  0.000e+00  0.000e+00  8.276e-10  1.512e-06  2.032e-03  4.893e-02  3.364e-01  4.078e-01  1.810e-01  2.314e-02  7.222e-04  9.362e-06  1.415e-07  0.000e+00  0.000e+00 
 5.93   0.00     6.826e-04 -4.000  1.206e+00 0.618 8.229e+08 -1.554e-22  0.000e+00  0.000e+00  1.092e-09  1.911e-06  2.504e-03  5.660e-02  3.610e-01  4.003e-01  1.608e-01  1.827e-02  4.943e-04  5.473e-06  6.994e-08  0.000e+00  0.000e+00 
 5.92   0.00     6.826e-04 -4.000  1.206e+00 0.618 8.074e+08 -1.548e-22  0.000e+00  0.000e+00  1.439e-09  2.415e-06  3.083e-03  6.529e-02  3.857e-01  3.901e-01  1.413e-01  1.421e-02  3.319e-04  3.122e-06  3.355e-08  0.000e+00  0.000e+00 
 5.91   0.00     6.826e-04 -4.000  1.206e+00 0.618 7.918e+08 -1.543e-22  0.000e+00  0.000e+00  1.909e-09  3.075e-06  3.821e-03  7.560e-02  4.114e-01  3.766e-01  1.217e-01  1.069e-02  2.117e-04  1.654e-06  1.456e-08  0.000e+00  0.000e+00 
 5.90   0.00     6.826e-04 -4.000  1.206e+00 0.618 7.758e+08 -1.538e-22  0.000e+00  0.000e+00  2.553e-09  3.946e-06  4.771e-03  8.782e-02  4.377e-01  3.594e-01  1.024e-01  7.729e-03  1.269e-04  7.982e-07  5.535e-09  0.000e+00  0.000e+00 
 5.89   0.00     6.826e-04 -4.000  1.206e+00 0.618 7.606e+08 -1.534e-22  0.000e+00  0.000e+00  3.307e-09  4.894e-06  5.773e-03  9.951e-02  4.585e-01  3.426e-01  8.772e-02  5.839e-03  8.243e-05  4.384e-07  2.544e-09  0.000e+00  0.000e+00 
 5.88   0.00     6.826e-04 -4.000  1.206e+00 0.618 7.447e+08 -1.530e-22  0.000e+00  0.000e+00  4.285e-09  6.072e-06  6.987e-03  1.126e-01  4.781e-01  3.238e-01  7.419e-02  4.330e-03  5.224e-05  2.332e-07  1.125e-09  0.000e+00  0.000e+00 
 5.87   0.00     6.826e-04 -4.000  1.206e+00 0.618 7.276e+08 -1.531e-22  0.000e+00  0.000e+00  5.595e-09  7.596e-06  8.519e-03  1.277e-01  4.971e-01  3.023e-01  6.123e-02  3.085e-03  3.115e-05  1.136e-07  4.408e-10  0.000e+00  0.000e+00 
 5.86   0.00     6.826e-04 -4.000  1.206e+00 0.618 7.088e+08 -1.536e-22  0.000e+00  0.000e+00  7.368e-09  9.591e-06  1.047e-02  1.454e-01  5.148e-01  2.782e-01  4.902e-02  2.088e-03  1.715e-05  4.917e-08  1.464e-10  0.000e+00  0.000e+00 
 5.85   0.00     6.826e-04 -4.000  1.206e+00 0.618 6.904e+08 -1.541e-22  0.000e+00  0.000e+00  9.380e-09  1.168e-05  1.245e-02  1.615e-01  5.267e-01  2.573e-01  4.051e-02  1.510e-03  1.058e-05  2.541e-08  0.000e+00  0.000e+00  0.000e+00 
 5.84   0.00     6.826e-04 -4.000  1.206e+00 0.618 6.707e+08 -1.550e-22  0.000e+00  0.000e+00  1.197e-08  1.424e-05  1.483e-02  1.793e-01  5.362e-01  2.358e-01  3.292e-02  1.066e-03  6.315e-06  1.257e-08  0.000e+00  0.000e+00  0.000e+00 
 5.83   0.00     6.826e-04 -4.000  1.206e+00 0.618 6.492e+08 -1.565e-22  0.000e+00  0.000e+00  1.539e-08  1.752e-05  1.782e-02  1.994e-01  5.434e-01  2.128e-01  2.596e-02  7.160e-04  3.500e-06  5.594e-09  0.000e+00  0.000e+00  0.000e+00 
 5.82   0.00     6.826e-04 -4.000  1.206e+00 0.618 6.256e+08 -1.587e-22  0.000e+00  0.000e+00  1.999e-08  2.180e-05  2.160e-02  2.227e-01  5.474e-01  1.882e-01  1.967e-02  4.500e-04  1.749e-06  2.133e-09  0.000e+00  0.000e+00  0.000e+00 
 5.81   0.00     6.826e-04 -4.000  1.206e+00 0.618 6.038e+08 -1.606e-22  0.000e+00  0.000e+00  2.502e-08  2.604e-05  2.525e-02  2.426e-01  5.470e-01  1.692e-01  1.569e-02  3.119e-04  1.027e-06  1.042e-09  0.000e+00  0.000e+00  0.000e+00 
 5.80   0.00     6.826e-04 -4.000  1.206e+00 0.618 5.814e+08 -1.631e-22  0.000e+00  0.000e+00  3.146e-08  3.127e-05  2.963e-02  2.643e-01  5.436e-01  1.500e-01  1.223e-02  2.090e-04  5.758e-07  4.780e-10  0.000e+00  0.000e+00  0.000e+00 
 5.79   0.00     6.826e-04 -4.000  1.206e+00 0.618 5.580e+08 -1.660e-22  0.000e+00  0.000e+00  3.988e-08  3.788e-05  3.506e-02  2.885e-01  5.365e-01  1.306e-01  9.190e-03  1.318e-04  2.949e-07  1.928e-10  0.000e+00  0.000e+00  0.000e+00 
 5.78   0.00     6.826e-04 -4.000  1.206e+00 0.618 5.340e+08 -1.695e-22  0.000e+00  0.000e+00  5.107e-08  4.637e-05  4.189e-02  3.155e-01  5.251e-01  1.108e-01  6.572e-03  7.663e-05  1.330e-07  0.000e+00  0.000e+00  0.000e+00  0.000e+00 
 5.77   0.00     6.826e-04 -4.000  1.206e+00 0.618 5.139e+08 -1.721e-22  0.000e+00  0.000e+00  6.298e-08  5.451e-05  4.825e-02  3.375e-01  5.125e-01  9.660e-02  5.043e-03  5.068e-05  7.400e-08  0.000e+00  0.000e+00  0.000e+00  0.000e+00 
 5.76   0.00     6.826e-04 -4.000  1.206e+00 0.618 4.945e+08 -1.749e-22  0.000e+00  0.000e+00  7.805e-08  6.442e-05  5.581e-02  3.608e-01  4.966e-01  8.287e-02  3.762e-03  3.211e-05  3.877e-08  0.000e+00  0.000e+00  0.000e+00  0.000e+00 
 5.75   0.00     6.826e-04 -4.000  1.206e+00 0.618 4.753e+08 -1.777e-22  0.000e+00  0.000e+00  9.756e-08  7.681e-05  6.509e-02  3.860e-01  4.768e-01  6.935e-02  2.681e-03  1.892e-05  1.823e-08  0.000e+00  0.000e+00  0.000e+00  0.000e+00 
 5.74   0.00     6.826e-04 -4.000  1.206e+00 0.618 4.571e+08 -1.806e-22  0.000e+00  0.000e+00  1.230e-07  9.242e-05  7.652e-02  4.130e-01  4.522e-01  5.630e-02  1.804e-03  1.014e-05  7.402e-09  0.000e+00  0.000e+00  0.000e+00  0.000e+00 
 5.73   0.00     6.826e-04 -4.000  1.206e+00 0.618 4.422e+08 -1.824e-22  0.000e+00  0.000e+00  1.496e-07  1.070e-04  8.687e-02  4.337e-01  4.306e-01  4.749e-02  1.326e-03  6.353e-06  3.858e-09  0.000e+00  0.000e+00  0.000e+00  0.000e+00 
 5.72   0.00     6.826e-04 -4.000  1.206e+00 0.618 4.282e+08 -1.841e-22  0.000e+00  0.000e+00  1.827e-07  1.244e-04  9.905e-02  4.545e-01  4.062e-01  3.927e-02  9.427e-04  3.789e-06  1.879e-09  0.000e+00  0.000e+00  0.000e+00  0.000e+00 
 5.71   0.00     6.826e-04 -4.000  1.206e+00 0.618 4.148e+08 -1.858e-22  0.000e+00  0.000e+00  2.250e-07  1.459e-04  1.137e-01  4.758e-01  3.781e-01  3.149e-02  6.338e-04  2.070e-06  8.037e-10  0.000e+00  0.000e+00  0.000e+00  0.000e+00 
 5.70   0.00     6.826e-04 -4.000  1.206e+00 0.618 4.020e+08 -1.873e-22  0.000e+00  0.000e+00  2.790e-07  1.724e-04  1.314e-01  4.971e-01  3.466e-01  2.436e-02  3.989e-04  1.015e-06  2.909e-10  0.000e+00  0.000e+00  0.000e+00  0.000e+00 
 5.69   0.00     6.826e-04 -4.000  1.206e+00 0.618 3.913e+08 -1.881e-22  0.000e+00  0.000e+00  3.344e-07  1.964e-04  1.469e-01  5.116e-01  3.212e-01  1.981e-02  2.796e-04  5.996e-07  1.413e-10  0.000e+00  0.000e+00  0.000e+00  0.000e+00 
 5.68   0.00     6.826e-04 -4.000  1.206e+00 0.618 3.809e+08 -1.887e-22  0.000e+00  1.147e-10  4.023e-07  2.244e-04  1.649e-01  5.247e-01  2.943e-01  1.575e-02  1.887e-04  3.349e-07  0.000e+00  0.000e+00  0.000e+00  0.000e+00  0.000e+00 
 5.67   0.00     6.826e-04 -4.000  1.206e+00 0.618 3.706e+08 -1.896e-22  0.000e+00  1.443e-10  4.876e-07  2.586e-04  1.862e-01  5.366e-01  2.649e-01  1.205e-02  1.190e-04  1.684e-07  0.000e+00  0.000e+00  0.000e+00  0.000e+00  0.000e+00 
 5.66   0.00     6.826e-04 -4.000  1.206e+00 0.618 3.603e+08 -1.906e-22  0.000e+00  1.825e-10  5.941e-07  2.997e-04  2.112e-01  5.459e-01  2.337e-01  8.827e-03  6.950e-05  7.474e-08  0.000e+00  0.000e+00  0.000e+00  0.000e+00  0.000e+00 
 5.65   0.00     6.826e-04 -4.000  1.206e+00 0.618 3.509e+08 -1.912e-22  0.000e+00  2.239e-10  7.013e-07  3.356e-04  2.324e-01  5.499e-01  2.104e-01  6.911e-03  4.634e-05  4.151e-08  0.000e+00  0.000e+00  0.000e+00  0.000e+00  0.000e+00 
 5.64   0.00     6.826e-04 -4.000  1.206e+00 0.618 3.414e+08 -1.921e-22  0.000e+00  2.756e-10  8.304e-07  3.770e-04  2.564e-01  5.512e-01  1.867e-01  5.264e-03  2.957e-05  2.162e-08  0.000e+00  0.000e+00  0.000e+00  0.000e+00  0.000e+00 
 5.63   0.00     6.826e-04 -4.000  1.206e+00 0.618 3.313e+08 -1.934e-22  0.000e+00  3.412e-10  9.898e-07  4.264e-04  2.845e-01  5.493e-01  1.620e-01  3.825e-03  1.739e-05  9.923e-09  0.000e+00  0.000e+00  0.000e+00  0.000e+00  0.000e+00 
 5.62   0.00     6.826e-04 -4.000  1.206e+00 0.618 3.204e+08 -1.954e-22  0.000e+00  4.241e-10  1.185e-06  4.844e-04  3.167e-01  5.432e-01  1.370e-01  2.637e-03  9.324e-06  3.928e-09  0.000e+00  0.000e+00  0.000e+00  0.000e+00  0.000e+00 
 5.61   0.00     6.826e-04 -4.000  1.206e+00 0.619 3.103e+08 -1.972e-22  0.000e+00  5.129e-10  1.377e-06  5.331e-04  3.428e-01  5.350e-01  1.198e-01  1.986e-03  5.915e-06  2.052e-09  0.000e+00  0.000e+00  0.000e+00  0.000e+00  0.000e+00 
 5.60   0.00     6.826e-04 -4.000  1.206e+00 0.619 2.994e+08 -1.997e-22  0.000e+00  6.217e-10  1.605e-06  5.883e-04  3.717e-01  5.236e-01  1.028e-01  1.447e-03  3.559e-06  9.931e-10  0.000e+00  0.000e+00  0.000e+00  0.000e+00  0.000e+00 
 5.59   0.00     6.826e-04 -4.000  1.206e+00 0.619 2.873e+08 -2.034e-22  0.000e+00  7.578e-10  1.882e-06  6.533e-04  4.050e-01  5.077e-01  8.567e-02  9.935e-04  1.938e-06  4.131e-10  0.000e+00  0.000e+00  0.000e+00  0.000e+00  0.000e+00 
 5.58   0.00     6.826e-04 -4.000  1.206e+00 0.619 2.739e+08 -2.085e-22  0.000e+00  9.268e-10  2.216e-06  7.280e-04  4.424e-01  4.871e-01  6.918e-02  6.397e-04  9.428e-07  1.431e-10  0.000e+00  0.000e+00  0.000e+00  0.000e+00  0.000e+00 
 5.57   0.00     6.826e-04 -4.000  1.205e+00 0.619 2.614e+08 -2.135e-22  0.000e+00  1.105e-09  2.536e-06  7.878e-04  4.709e-01  4.692e-01  5.871e-02  4.641e-04  5.706e-07  0.000e+00  0.000e+00  0.000e+00  0.000e+00  0.000e+00  0.000e+00 
 5.56   0.00     6.826e-04 -4.000  1.205e+00 0.619 2.478e+08 -2.201e-22  0.000e+00  1.320e-09  2.914e-06  8.551e-04  5.021e-01  4.480e-01  4.868e-02  3.226e-04  3.231e-07  0.000e+00  0.000e+00  0.000e+00  0.000e+00  0.000e+00  0.000e+00 
 5.55   0.00     6.826e-04 -4.000  1.205e+00 0.619 2.327e+08 -2.290e-22  0.000e+00  1.587e-09  3.364e-06  9.331e-04  5.375e-01  4.225e-01  3.891e-02  2.088e-04  1.622e-07  0.000e+00  0.000e+00  0.000e+00  0.000e+00  0.000e+00  0.000e+00 
 5.54   0.00     6.826e-04 -4.000  1.205e+00 0.619 2.163e+08 -2.408e-22  0.000e+00  1.913e-09  3.899e-06  1.021e-03  5.765e-01  3.925e-01  2.985e-02  1.245e-04  7.043e-08  0.000e+00  0.000e+00  0.000e+00  0.000e+00  0.000e+00  0.000e+00 
 5.53   0.00     6.826e-04 -4.000  1.205e+00 0.619 2.020e+08 -2.520e-22  0.000e+00  2.252e-09  4.406e-06  1.089e-03  6.040e-01  3.702e-01  2.465e-02  8.733e-05  4.093e-08  0.000e+00  0.000e+00  0.000e+00  0.000e+00  0.000e+00  0.000e+00 
 5.52   0.00     6.826e-04 -4.000  1.205e+00 0.619 1.870e+08 -2.660e-22  0.000e+00  2.661e-09  4.998e-06  1.164e-03  6.340e-01  3.450e-01  1.974e-02  5.792e-05  2.178e-08  0.000e+00  0.000e+00  0.000e+00  0.000e+00  0.000e+00  0.000e+00 
 5.51   0.00     6.826e-04 -4.000  1.205e+00 0.619 1.712e+08 -2.838e-22  0.000e+00  3.157e-09  5.696e-06  1.251e-03  6.674e-01  3.162e-01  1.509e-02  3.518e-05  1.001e-08  0.000e+00  0.000e+00  0.000e+00  0.000e+00  0.000e+00  0.000e+00 
 5.50   0.00     6.826e-04 -4.000  1.205e+00 0.619 1.554e+08 -3.057e-22  0.000e+00  3.757e-09  6.514e-06  1.348e-03  7.034e-01  2.843e-01  1.096e-02  1.924e-05  3.822e-09  0.000e+00  0.000e+00  0.000e+00  0.000e+00  0.000e+00  0.000e+00 
 5.49   0.00     6.826e-04 -4.000  1.205e+00 0.619 1.429e+08 -3.247e-22  0.000e+00  4.385e-09  7.290e-06  1.420e-03  7.267e-01  2.630e-01  8.831e-03  1.312e-05  2.150e-09  0.000e+00  0.000e+00  0.000e+00  0.000e+00  0.000e+00  0.000e+00 
 5.48   0.00     6.826e-04 -4.000  1.205e+00 0.619 1.307e+08 -3.469e-22  0.000e+00  5.137e-09  8.191e-06  1.501e-03  7.522e-01  2.394e-01  6.830e-03  8.296e-06  1.074e-09  0.000e+00  0.000e+00  0.000e+00  0.000e+00  0.000e+00  0.000e+00 
 5.47   0.00     6.826e-04 -4.000  1.205e+00 0.619 1.190e+08 -3.727e-22  0.000e+00  6.042e-09  9.246e-06  1.593e-03  7.800e-01  2.133e-01  4.993e-03  4.718e-06  4.501e-10  0.000e+00  0.000e+00  0.000e+00  0.000e+00  0.000e+00  0.000e+00 
 5.46   0.00     6.826e-04 -4.000  1.205e+00 0.619 1.080e+08 -4.010e-22  0.000e+00  7.128e-09  1.047e-05  1.695e-03  8.093e-01  1.855e-01  3.419e-03  2.352e-06  1.488e-10  0.000e+00  0.000e+00  0.000e+00  0.000e+00  0.000e+00  0.000e+00 
 5.45   0.00     6.826e-04 -4.000  1.205e+00 0.619 1.004e+08 -4.215e-22  0.000e+00  8.281e-09  1.165e-05  1.772e-03  8.267e-01  1.688e-01  2.697e-03  1.564e-06  0.000e+00  0.000e+00  0.000e+00  0.000e+00  0.000e+00  0.000e+00  0.000e+00 
 5.44   0.00     6.826e-04 -4.000  1.205e+00 0.619 9.334e+07 -4.431e-22  0.000e+00  9.660e-09  1.303e-05  1.860e-03  8.457e-01  1.503e-01  2.016e-03  9.427e-07  0.000e+00  0.000e+00  0.000e+00  0.000e+00  0.000e+00  0.000e+00  0.000e+00 
 5.43   0.00     6.826e-04 -4.000  1.205e+00 0.619 8.696e+07 -4.647e-22  0.000e+00  1.132e-08  1.464e-05  1.959e-03  8.662e-01  1.304e-01  1.408e-03  5.007e-07  0.000e+00  0.000e+00  0.000e+00  0.000e+00  0.000e+00  0.000e+00  0.000e+00 
 5.42   0.00     6.826e-04 -4.000  1.205e+00 0.619 8.147e+07 -4.847e-22  0.000e+00  1.330e-08  1.650e-05  2.069e-03  8.869e-01  1.101e-01  9.165e-04  2.306e-07  0.000e+00  0.000e+00  0.000e+00  0.000e+00  0.000e+00  0.000e+00  0.000e+00 
 5.41   0.00     6.826e-04 -4.000  1.204e+00 0.619 7.778e+07 -4.961e-22  0.000e+00  1.547e-08  1.838e-05  2.159e-03  8.987e-01  9.839e-02  7.020e-04  1.472e-07  0.000e+00  0.000e+00  0.000e+00  0.000e+00  0.000e+00  0.000e+00  0.000e+00 
 5.40   0.00     6.826e-04 -4.000  1.204e+00 0.619 7.446e+07 -5.064e-22  0.000e+00  1.808e-08  2.056e-05  2.261e-03  9.113e-01  8.591e-02  5.075e-04  8.455e-08  0.000e+00  0.000e+00  0.000e+00  0.000e+00  0.000e+00  0.000e+00  0.000e+00 
 5.39   0.00     6.826e-04 -4.000  1.204e+00 0.619 7.153e+07 -5.153e-22  0.000e+00  2.123e-08  2.313e-05  2.378e-03  9.246e-01  7.263e-02  3.387e-04  4.183e-08  0.000e+00  0.000e+00  0.000e+00  0.000e+00  0.000e+00  0.000e+00  0.000e+00 
 5.38   0.00     6.826e-04 -4.000  1.204e+00 0.619 6.902e+07 -5.218e-22  0.000e+00  2.502e-08  2.611e-05  2.508e-03  9.376e-01  5.966e-02  2.095e-04  1.775e-08  0.000e+00  0.000e+00  0.000e+00  0.000e+00  0.000e+00  0.000e+00  0.000e+00 
 5.37   0.00     6.826e-04 -4.000  1.204e+00 0.619 6.723e+07 -5.235e-22  0.000e+00  2.928e-08  2.925e-05  2.626e-03  9.447e-01  5.247e-02  1.559e-04  1.085e-08  0.000e+00  0.000e+00  0.000e+00  0.000e+00  0.000e+00  0.000e+00  0.000e+00 
 5.36   0.00     6.826e-04 -4.000  1.204e+00 0.619 6.556e+07 -5.246e-22  0.000e+00  3.448e-08  3.294e-05  2.761e-03  9.521e-01  4.497e-02  1.092e-04  5.945e-09  0.000e+00  0.000e+00  0.000e+00  0.000e+00  0.000e+00  0.000e+00  0.000e+00 
 5.35   0.00     6.826e-04 -4.000  1.204e+00 0.619 6.398e+07 -5.252e-22  0.000e+00  4.083e-08  3.733e-05  2.917e-03  9.599e-01  3.710e-02  6.947e-05  2.729e-09  0.000e+00  0.000e+00  0.000e+00  0.000e+00  0.000e+00  0.000e+00  0.000e+00 
 5.34   0.00     6.826e-04 -4.000  1.204e+00 0.619 6.252e+07 -5.253e-22  0.000e+00  4.859e-08  4.252e-05  3.092e-03  9.672e-01  2.963e-02  4.062e-05  1.055e-09  0.000e+00  0.000e+00  0.000e+00  0.000e+00  0.000e+00  0.000e+00  0.000e+00 
 5.33   0.00     6.826e-04 -4.000  1.204e+00 0.619 6.130e+07 -5.235e-22  0.000e+00  5.755e-08  4.814e-05  3.265e-03  9.709e-01  2.570e-02  2.950e-05  6.209e-10  0.000e+00  0.000e+00  0.000e+00  0.000e+00  0.000e+00  0.000e+00  0.000e+00 
 5.32   0.00     6.826e-04 -4.000  1.204e+00 0.619 6.007e+07 -5.220e-22  0.000e+00  6.861e-08  5.486e-05  3.463e-03  9.748e-01  2.166e-02  2.000e-05  3.242e-10  0.000e+00  0.000e+00  0.000e+00  0.000e+00  0.000e+00  0.000e+00  0.000e+00 
 5.31   0.00     6.826e-04 -4.000  1.204e+00 0.619 5.878e+07 -5.213e-22  0.000e+00  8.244e-08  6.302e-05  3.695e-03  9.788e-01  1.743e-02  1.211e-05  1.373e-10  0.000e+00  0.000e+00  0.000e+00  0.000e+00  0.000e+00  0.000e+00  0.000e+00 
 5.30   0.00     6.826e-04 -4.000  1.204e+00 0.619 5.747e+07 -5.211e-22  0.000e+00  9.965e-08  7.281e-05  3.961e-03  9.824e-01  1.351e-02  6.633e-06  0.000e+00  0.000e+00  0.000e+00  0.000e+00  0.000e+00  0.000e+00  0.000e+00  0.000e+00 
 5.29   0.00     6.826e-04 -4.000  1.204e+00 0.619 5.634e+07 -5.195e-22  0.000e+00  1.198e-07  8.363e-05  4.230e-03  9.841e-01  1.159e-02  4.718e-06  0.000e+00  0.000e+00  0.000e+00  0.000e+00  0.000e+00  0.000e+00  0.000e+00  0.000e+00 
 5.28   0.00     6.826e-04 -4.000  1.204e+00 0.619 5.514e+07 -5.186e-22  0.000e+00  1.453e-07  9.685e-05  4.544e-03  9.857e-01  9.601e-03  3.098e-06  0.000e+00  0.000e+00  0.000e+00  0.000e+00  0.000e+00  0.000e+00  0.000e+00  0.000e+00 
 5.27   0.00     6.826e-04 -4.000  1.203e+00 0.619 5.388e+07 -5.186e-22  0.000e+00  1.779e-07  1.132e-04  4.918e-03  9.874e-01  7.528e-03  1.775e-06  0.000e+00  0.000e+00  0.000e+00  0.000e+00  0.000e+00  0.000e+00  0.000e+00  0.000e+00 
 5.26   0.00     6.826e-04 -4.000  1.203e+00 0.619 5.263e+07 -5.189e-22  0.000e+00  2.193e-07  1.332e-04  5.351e-03  9.889e-01  5.643e-03  9.007e-07  0.000e+00  0.000e+00  0.000e+00  0.000e+00  0.000e+00  0.000e+00  0.000e+00  0.000e+00 
 5.25   0.00     6.826e-04 -4.000  1.203e+00 0.619 5.159e+07 -5.173e-22  0.000e+00  2.682e-07  1.555e-04  5.791e-03  9.893e-01  4.795e-03  6.311e-07  0.000e+00  0.000e+00  0.000e+00  0.000e+00  0.000e+00  0.000e+00  0.000e+00  0.000e+00 
 5.24   0.00     6.826e-04 -4.000  1.203e+00 0.619 5.053e+07 -5.161e-22  0.000e+00  3.313e-07  1.834e-04  6.312e-03  9.896e-01  3.906e-03  4.008e-07  0.000e+00  0.000e+00  0.000e+00  0.000e+00  0.000e+00  0.000e+00  0.000e+00  0.000e+00 
 5.23   0.00     6.826e-04 -4.000  1.203e+00 0.619 4.944e+07 -5.153e-22  0.000e+00  4.143e-07  2.188e-04  6.942e-03  9.899e-01  2.977e-03  2.161e-07  0.000e+00  0.000e+00  0.000e+00  0.000e+00  0.000e+00  0.000e+00  0.000e+00  0.000e+00 
 5.22   0.00     6.826e-04 -4.000  1.203e+00 0.619 4.840e+07 -5.145e-22  0.000e+00  5.220e-07  2.628e-04  7.678e-03  9.899e-01  2.147e-03  1.002e-07  0.000e+00  0.000e+00  0.000e+00  0.000e+00  0.000e+00  0.000e+00  0.000e+00  0.000e+00 
 5.21   0.00     6.826e-04 -4.000  1.203e+00 0.619 4.755e+07 -5.118e-22  0.000e+00  6.493e-07  3.119e-04  8.421e-03  9.894e-01  1.810e-03  6.937e-08  0.000e+00  0.000e+00  0.000e+00  0.000e+00  0.000e+00  0.000e+00  0.000e+00  0.000e+00 
 5.20   0.00     6.826e-04 -4.000  1.203e+00 0.619 4.666e+07 -5.096e-22  0.000e+00  8.180e-07  3.746e-04  9.317e-03  9.889e-01  1.448e-03  4.251e-08  0.000e+00  0.000e+00  0.000e+00  0.000e+00  0.000e+00  0.000e+00  0.000e+00  0.000e+00 
 5.19   0.00     6.826e-04 -4.000  1.203e+00 0.619 4.573e+07 -5.082e-22  0.000e+00  1.046e-06  4.561e-04  1.041e-02  9.881e-01  1.069e-03  2.143e-08  0.000e+00  0.000e+00  0.000e+00  0.000e+00  0.000e+00  0.000e+00  0.000e+00  0.000e+00 
 5.18   0.00     6.826e-04 -4.000  1.202e+00 0.619 4.477e+07 -5.071e-22  0.000e+00  1.346e-06  5.595e-04  1.170e-02  9.870e-01  7.382e-04  8.947e-09  0.000e+00  0.000e+00  0.000e+00  0.000e+00  0.000e+00  0.000e+00  0.000e+00  0.000e+00 
 5.17   0.00     6.826e-04 -4.000  1.202e+00 0.619 4.395e+07 -5.048e-22  1.263e-10  1.702e-06  6.741e-04  1.300e-02  9.857e-01  6.168e-04  6.128e-09  0.000e+00  0.000e+00  0.000e+00  0.000e+00  0.000e+00  0.000e+00  0.000e+00  0.000e+00 
 5.16   0.00     6.826e-04 -4.000  1.202e+00 0.619 4.304e+07 -5.037e-22  1.690e-10  2.185e-06  8.240e-04  1.459e-02  9.841e-01  4.834e-04  3.610e-09  0.000e+00  0.000e+00  0.000e+00  0.000e+00  0.000e+00  0.000e+00  0.000e+00  0.000e+00 
 5.15   0.00     6.826e-04 -4.000  1.202e+00 0.619 4.201e+07 -5.043e-22  2.299e-10  2.852e-06  1.024e-03  1.655e-02  9.820e-01  3.447e-04  1.689e-09  0.000e+00  0.000e+00  0.000e+00  0.000e+00  0.000e+00  0.000e+00  0.000e+00  0.000e+00 
 5.14   0.00     6.826e-04 -4.000  1.202e+00 0.620 4.090e+07 -5.061e-22  3.149e-10  3.751e-06  1.280e-03  1.890e-02  9.795e-01  2.267e-04  6.275e-10  0.000e+00  0.000e+00  0.000e+00  0.000e+00  0.000e+00  0.000e+00  0.000e+00  0.000e+00 
 5.13   0.00     6.826e-04 -4.000  1.201e+00 0.620 3.994e+07 -5.064e-22  4.213e-10  4.812e-06  1.565e-03  2.121e-02  9.770e-01  1.871e-04  4.227e-10  0.000e+00  0.000e+00  0.000e+00  0.000e+00  0.000e+00  0.000e+00  0.000e+00  0.000e+00 
 5.12   0.00     6.826e-04 -4.000  1.201e+00 0.620 3.884e+07 -5.088e-22  5.736e-10  6.286e-06  1.945e-03  2.409e-02  9.738e-01  1.433e-04  2.383e-10  0.000e+00  0.000e+00  0.000e+00  0.000e+00  0.000e+00  0.000e+00  0.000e+00  0.000e+00 
 5.11   0.00     6.826e-04 -4.000  1.201e+00 0.620 3.761e+07 -5.135e-22  7.963e-10  8.371e-06  2.462e-03  2.772e-02  9.697e-01  9.828e-05  1.027e-10  0.000e+00  0.000e+00  0.000e+00  0.000e+00  0.000e+00  0.000e+00  0.000e+00  0.000e+00 
 5.10   0.00     6.826e-04 -4.000  1.200e+00 0.620 3.631e+07 -5.196e-22  1.113e-09  1.122e-05  3.136e-03  3.207e-02  9.647e-01  6.125e-05  0.000e+00  0.000e+00  0.000e+00  0.000e+00  0.000e+00  0.000e+00  0.000e+00  0.000e+00  0.000e+00 
 5.09   0.00     6.826e-04 -4.000  1.200e+00 0.620 3.525e+07 -5.229e-22  1.509e-09  1.459e-05  3.880e-03  3.632e-02  9.598e-01  4.961e-05  0.000e+00  0.000e+00  0.000e+00  0.000e+00  0.000e+00  0.000e+00  0.000e+00  0.000e+00  0.000e+00 
 5.08   0.00     6.826e-04 -4.000  1.200e+00 0.620 3.410e+07 -5.282e-22  2.088e-09  1.935e-05  4.892e-03  4.167e-02  9.534e-01  3.700e-05  0.000e+00  0.000e+00  0.000e+00  0.000e+00  0.000e+00  0.000e+00  0.000e+00  0.000e+00  0.000e+00 
 5.07   0.00     6.826e-04 -4.000  1.199e+00 0.620 3.286e+07 -5.354e-22  2.954e-09  2.623e-05  6.298e-03  4.854e-02  9.451e-01  2.418e-05  0.000e+00  0.000e+00  0.000e+00  0.000e+00  0.000e+00  0.000e+00  0.000e+00  0.000e+00  0.000e+00 
 5.06   0.00     6.826e-04 -4.000  1.198e+00 0.621 3.169e+07 -5.426e-22  4.194e-09  3.569e-05  8.135e-03  5.669e-02  9.352e-01  1.425e-05  0.000e+00  0.000e+00  0.000e+00  0.000e+00  0.000e+00  0.000e+00  0.000e+00  0.000e+00  0.000e+00 
 5.05   0.00     6.826e-04 -4.000  1.197e+00 0.621 3.079e+07 -5.453e-22  5.750e-09  4.688e-05  1.017e-02  6.462e-02  9.252e-01  1.120e-05  0.000e+00  0.000e+00  0.000e+00  0.000e+00  0.000e+00  0.000e+00  0.000e+00  0.000e+00  0.000e+00 
 5.04   0.00     6.826e-04 -4.000  1.197e+00 0.621 2.990e+07 -5.487e-22  8.048e-09  6.287e-05  1.295e-02  7.464e-02  9.124e-01  8.093e-06  0.000e+00  0.000e+00  0.000e+00  0.000e+00  0.000e+00  0.000e+00  0.000e+00  0.000e+00  0.000e+00 
 5.03   0.00     6.826e-04 -4.000  1.195e+00 0.621 2.899e+07 -5.528e-22  1.155e-08  8.639e-05  1.688e-02  8.761e-02  8.954e-01  4.986e-06  0.000e+00  0.000e+00  0.000e+00  0.000e+00  0.000e+00  0.000e+00  0.000e+00  0.000e+00  0.000e+00 
 5.02   0.00     6.826e-04 -4.000  1.194e+00 0.622 2.819e+07 -5.551e-22  1.656e-08  1.186e-04  2.197e-02  1.027e-01  8.752e-01  2.719e-06  0.000e+00  0.000e+00  0.000e+00  0.000e+00  0.000e+00  0.000e+00  0.000e+00  0.000e+00  0.000e+00 
 5.01   0.00     6.826e-04 -4.000  1.193e+00 0.622 2.764e+07 -5.529e-22  2.276e-08  1.562e-04  2.749e-02  1.171e-01  8.552e-01  2.073e-06  0.000e+00  0.000e+00  0.000e+00  0.000e+00  0.000e+00  0.000e+00  0.000e+00  0.000e+00  0.000e+00 
 5.00   0.00     6.826e-04 -4.000  1.191e+00 0.623 2.711e+07 -5.507e-22  3.193e-08  2.098e-04  3.506e-02  1.351e-01  8.296e-01  1.436e-06  0.000e+00  0.000e+00  0.000e+00  0.000e+00  0.000e+00  0.000e+00  0.000e+00  0.000e+00  0.000e+00 
 4.99   0.00     6.826e-04 -4.000  1.189e+00 0.623 2.657e+07 -5.485e-22  4.592e-08  2.887e-04  4.568e-02  1.581e-01  7.959e-01  8.184e-07  0.000e+00  0.000e+00  0.000e+00  0.000e+00  0.000e+00  0.000e+00  0.000e+00  0.000e+00  0.000e+00 
 4.98   0.00     6.826e-04 -4.000  1.187e+00 0.624 2.611e+07 -5.448e-22  6.542e-08  3.936e-04  5.900e-02  1.839e-01  7.566e-01  4.002e-07  0.000e+00  0.000e+00  0.000e+00  0.000e+00  0.000e+00  0.000e+00  0.000e+00  0.000e+00  0.000e+00 
 4.97   0.00     6.826e-04 -4.000  1.184e+00 0.624 2.582e+07 -5.379e-22  8.870e-08  5.109e-04  7.276e-02  2.068e-01  7.199e-01  2.939e-07  0.000e+00  0.000e+00  0.000e+00  0.000e+00  0.000e+00  0.000e+00  0.000e+00  0.000e+00  0.000e+00 
 4.96   0.00     6.826e-04 -4.000  1.181e+00 0.625 2.554e+07 -5.309e-22  1.222e-07  6.739e-04  9.096e-02  2.343e-01  6.741e-01  1.915e-07  0.000e+00  0.000e+00  0.000e+00  0.000e+00  0.000e+00  0.000e+00  0.000e+00  0.000e+00  0.000e+00 
 4.95   0.00     6.826e-04 -4.000  1.178e+00 0.626 2.524e+07 -5.241e-22  1.715e-07  9.039e-04  1.154e-01  2.676e-01  6.161e-01  9.797e-08  0.000e+00  0.000e+00  0.000e+00  0.000e+00  0.000e+00  0.000e+00  0.000e+00  0.000e+00  0.000e+00 
 4.94   0.00     6.826e-04 -4.000  1.174e+00 0.627 2.500e+07 -5.161e-22  2.355e-07  1.187e-03  1.435e-01  3.012e-01  5.542e-01  4.060e-08  0.000e+00  0.000e+00  0.000e+00  0.000e+00  0.000e+00  0.000e+00  0.000e+00  0.000e+00  0.000e+00 
 4.93   0.00     6.826e-04 -4.000  1.170e+00 0.628 2.490e+07 -5.057e-22  3.067e-07  1.479e-03  1.698e-01  3.270e-01  5.017e-01  2.689e-08  0.000e+00  0.000e+00  0.000e+00  0.000e+00  0.000e+00  0.000e+00  0.000e+00  0.000e+00  0.000e+00 
 4.92   0.00     6.826e-04 -4.000  1.166e+00 0.629 2.481e+07 -4.949e-22  4.025e-07  1.855e-03  2.019e-01  3.551e-01  4.411e-01  1.450e-08  0.000e+00  0.000e+00  0.000e+00  0.000e+00  0.000e+00  0.000e+00  0.000e+00  0.000e+00  0.000e+00 
 4.91   0.00     6.826e-04 -4.000  1.160e+00 0.631 2.477e+07 -4.834e-22  5.313e-07  2.340e-03  2.408e-01  3.849e-01  3.721e-01  4.481e-09  0.000e+00  0.000e+00  0.000e+00  0.000e+00  0.000e+00  0.000e+00  0.000e+00  0.000e+00  0.000e+00 
 4.90   0.00     6.826e-04 -4.000  1.155e+00 0.633 2.480e+07 -4.705e-22  6.820e-07  2.872e-03  2.795e-01  4.094e-01  3.082e-01  0.000e+00  0.000e+00  0.000e+00  0.000e+00  0.000e+00  0.000e+00  0.000e+00  0.000e+00  0.000e+00  0.000e+00 
 4.89   0.00     6.826e-04 -4.000  1.151e+00 0.634 2.495e+07 -4.563e-22  8.371e-07  3.371e-03  3.118e-01  4.234e-01  2.614e-01  0.000e+00  0.000e+00  0.000e+00  0.000e+00  0.000e+00  0.000e+00  0.000e+00  0.000e+00  0.000e+00  0.000e+00 
 4.88   0.00     6.826e-04 -4.000  1.146e+00 0.635 2.516e+07 -4.411e-22  1.030e-06  3.963e-03  3.474e-01  4.357e-01  2.130e-01  0.000e+00  0.000e+00  0.000e+00  0.000e+00  0.000e+00  0.000e+00  0.000e+00  0.000e+00  0.000e+00  0.000e+00 
 4.87   0.00     6.826e-04 -4.000  1.140e+00 0.636 2.549e+07 -4.244e-22  1.268e-06  4.659e-03  3.859e-01  4.452e-01  1.643e-01  0.000e+00  0.000e+00  0.000e+00  0.000e+00  0.000e+00  0.000e+00  0.000e+00  0.000e+00  0.000e+00  0.000e+00 
 4.86   0.00     6.826e-04 -4.000  1.135e+00 0.638 2.590e+07 -4.072e-22  1.527e-06  5.359e-03  4.202e-01  4.489e-01  1.256e-01  0.000e+00  0.000e+00  0.000e+00  0.000e+00  0.000e+00  0.000e+00  0.000e+00  0.000e+00  0.000e+00  0.000e+00 
 4.85   0.00     6.826e-04 -4.000  1.130e+00 0.639 2.635e+07 -3.906e-22  1.788e-06  5.997e-03  4.472e-01  4.462e-01  1.006e-01  0.000e+00  0.000e+00  0.000e+00  0.000e+00  0.000e+00  0.000e+00  0.000e+00  0.000e+00  0.000e+00  0.000e+00 
 4.84   0.00     6.826e-04 -4.000  1.126e+00 0.640 2.691e+07 -3.730e-22  2.101e-06  6.728e-03  4.754e-01  4.409e-01  7.696e-02  0.000e+00  0.000e+00  0.000e+00  0.000e+00  0.000e+00  0.000e+00  0.000e+00  0.000e+00  0.000e+00  0.000e+00 
 4.83   0.00     6.826e-04 -4.000  1.122e+00 0.642 2.761e+07 -3.544e-22  2.476e-06  7.561e-03  5.047e-01  4.324e-01  5.524e-02  0.000e+00  0.000e+00  0.000e+00  0.000e+00  0.000e+00  0.000e+00  0.000e+00  0.000e+00  0.000e+00  0.000e+00 
 4.82   0.00     6.826e-04 -4.000  1.117e+00 0.643 2.835e+07 -3.367e-22  2.877e-06  8.386e-03  5.303e-01  4.216e-01  3.975e-02  0.000e+00  0.000e+00  0.000e+00  0.000e+00  0.000e+00  0.000e+00  0.000e+00  0.000e+00  0.000e+00  0.000e+00 
 4.81   0.00     6.826e-04 -4.000  1.115e+00 0.644 2.902e+07 -3.210e-22  3.287e-06  9.155e-03  5.509e-01  4.094e-01  3.056e-02  0.000e+00  0.000e+00  0.000e+00  0.000e+00  0.000e+00  0.000e+00  0.000e+00  0.000e+00  0.000e+00  0.000e+00 
 4.80   0.00     6.826e-04 -4.000  1.113e+00 0.644 2.983e+07 -3.050e-22  3.776e-06  1.003e-02  5.725e-01  3.952e-01  2.229e-02  0.000e+00  0.000e+00  0.000e+00  0.000e+00  0.000e+00  0.000e+00  0.000e+00  0.000e+00  0.000e+00  0.000e+00 
 4.79   0.00     6.826e-04 -4.000  1.110e+00 0.645 3.077e+07 -2.885e-22  4.360e-06  1.103e-02  5.952e-01  3.787e-01  1.510e-02  0.000e+00  0.000e+00  0.000e+00  0.000e+00  0.000e+00  0.000e+00  0.000e+00  0.000e+00  0.000e+00  0.000e+00 
 4.78   0.00     6.826e-04 -4.000  1.108e+00 0.646 3.167e+07 -2.736e-22  4.985e-06  1.203e-02  6.151e-01  3.625e-01  1.037e-02  0.000e+00  0.000e+00  0.000e+00  0.000e+00  0.000e+00  0.000e+00  0.000e+00  0.000e+00  0.000e+00  0.000e+00 
 4.77   0.00     6.826e-04 -4.000  1.107e+00 0.646 3.245e+07 -2.609e-22  5.626e-06  1.297e-02  6.316e-01  3.477e-01  7.702e-03  0.000e+00  0.000e+00  0.000e+00  0.000e+00  0.000e+00  0.000e+00  0.000e+00  0.000e+00  0.000e+00  0.000e+00 
 4.76   0.00     6.826e-04 -4.000  1.105e+00 0.647 3.334e+07 -2.480e-22  6.387e-06  1.404e-02  6.491e-01  3.314e-01  5.399e-03  0.000e+00  0.000e+00  0.000e+00  0.000e+00  0.000e+00  0.000e+00  0.000e+00  0.000e+00  0.000e+00  0.000e+00 
 4.75   0.00     6.826e-04 -4.000  1.104e+00 0.647 3.436e+07 -2.351e-22  7.300e-06  1.526e-02  6.675e-01  3.137e-01  3.463e-03  0.000e+00  0.000e+00  0.000e+00  0.000e+00  0.000e+00  0.000e+00  0.000e+00  0.000e+00  0.000e+00  0.000e+00 
 4.74   0.00     6.826e-04 -4.000  1.103e+00 0.647 3.528e+07 -2.236e-22  8.260e-06  1.645e-02  6.837e-01  2.976e-01  2.277e-03  0.000e+00  0.000e+00  0.000e+00  0.000e+00  0.000e+00  0.000e+00  0.000e+00  0.000e+00  0.000e+00  0.000e+00 
 4.73   0.00     6.826e-04 -4.000  1.103e+00 0.647 3.606e+07 -2.138e-22  9.240e-06  1.757e-02  6.971e-01  2.837e-01  1.639e-03  0.000e+00  0.000e+00  0.000e+00  0.000e+00  0.000e+00  0.000e+00  0.000e+00  0.000e+00  0.000e+00  0.000e+00 
 4.72   0.00     6.826e-04 -4.000  1.102e+00 0.648 3.692e+07 -2.040e-22  1.040e-05  1.884e-02  7.113e-01  2.687e-01  1.105e-03  0.000e+00  0.000e+00  0.000e+00  0.000e+00  0.000e+00  0.000e+00  0.000e+00  0.000e+00  0.000e+00  0.000e+00 
 4.71   0.00     6.826e-04 -4.000  1.102e+00 0.648 3.788e+07 -1.942e-22  1.180e-05  2.030e-02  7.263e-01  2.527e-01  6.684e-04  0.000e+00  0.000e+00  0.000e+00  0.000e+00  0.000e+00  0.000e+00  0.000e+00  0.000e+00  0.000e+00  0.000e+00 
 4.70   0.00     6.826e-04 -4.000  1.101e+00 0.648 3.870e+07 -1.857e-22  1.324e-05  2.167e-02  7.391e-01  2.387e-01  4.205e-04  0.000e+00  0.000e+00  0.000e+00  0.000e+00  0.000e+00  0.000e+00  0.000e+00  0.000e+00  0.000e+00  0.000e+00 
 4.69   0.00     6.826e-04 -4.000  1.101e+00 0.648 3.938e+07 -1.783e-22  1.469e-05  2.295e-02  7.499e-01  2.269e-01  2.951e-04  0.000e+00  0.000e+00  0.000e+00  0.000e+00  0.000e+00  0.000e+00  0.000e+00  0.000e+00  0.000e+00  0.000e+00 
 4.68   0.00     6.826e-04 -4.000  1.101e+00 0.648 4.012e+07 -1.710e-22  1.641e-05  2.440e-02  7.612e-01  2.142e-01  1.917e-04  0.000e+00  0.000e+00  0.000e+00  0.000e+00  0.000e+00  0.000e+00  0.000e+00  0.000e+00  0.000e+00  0.000e+00 
 4.67   0.00     6.826e-04 -4.000  1.100e+00 0.648 4.093e+07 -1.639e-22  1.848e-05  2.609e-02  7.733e-01  2.004e-01  1.088e-04  0.000e+00  0.000e+00  0.000e+00  0.000e+00  0.000e+00  0.000e+00  0.000e+00  0.000e+00  0.000e+00  0.000e+00 
 4.66   0.00     6.826e-04 -4.000  1.100e+00 0.648 4.157e+07 -1.576e-22  2.057e-05  2.762e-02  7.836e-01  1.887e-01  6.516e-05  0.000e+00  0.000e+00  0.000e+00  0.000e+00  0.000e+00  0.000e+00  0.000e+00  0.000e+00  0.000e+00  0.000e+00 
 4.65   0.00     6.826e-04 -4.000  1.099e+00 0.648 4.208e+07 -1.521e-22  2.267e-05  2.903e-02  7.923e-01  1.787e-01  4.441e-05  0.000e+00  0.000e+00  0.000e+00  0.000e+00  0.000e+00  0.000e+00  0.000e+00  0.000e+00  0.000e+00  0.000e+00 
 4.64   0.00     6.826e-04 -4.000  1.099e+00 0.648 4.261e+07 -1.468e-22  2.516e-05  3.064e-02  8.015e-01  1.678e-01  2.759e-05  0.000e+00  0.000e+00  0.000e+00  0.000e+00  0.000e+00  0.000e+00  0.000e+00  0.000e+00  0.000e+00  0.000e+00 
 4.63   0.00     6.826e-04 -4.000  1.099e+00 0.649 4.317e+07 -1.415e-22  2.819e-05  3.251e-02  8.116e-01  1.558e-01  1.450e-05  0.000e+00  0.000e+00  0.000e+00  0.000e+00  0.000e+00  0.000e+00  0.000e+00  0.000e+00  0.000e+00  0.000e+00 
 4.62   0.00     6.826e-04 -4.000  1.098e+00 0.649 4.355e+07 -1.371e-22  3.117e-05  3.418e-02  8.202e-01  1.455e-01  8.183e-06  0.000e+00  0.000e+00  0.000e+00  0.000e+00  0.000e+00  0.000e+00  0.000e+00  0.000e+00  0.000e+00  0.000e+00 
 4.61   0.00     6.826e-04 -4.000  1.097e+00 0.649 4.383e+07 -1.330e-22  3.415e-05  3.569e-02  8.277e-01  1.365e-01  5.386e-06  0.000e+00  0.000e+00  0.000e+00  0.000e+00  0.000e+00  0.000e+00  0.000e+00  0.000e+00  0.000e+00  0.000e+00 
 4.60   0.00     6.826e-04 -4.000  1.097e+00 0.649 4.409e+07 -1.292e-22  3.772e-05  3.746e-02  8.359e-01  1.266e-01  3.168e-06  0.000e+00  0.000e+00  0.000e+00  0.000e+00  0.000e+00  0.000e+00  0.000e+00  0.000e+00  0.000e+00  0.000e+00 
 4.59   0.00     6.826e-04 -4.000  1.096e+00 0.650 4.430e+07 -1.257e-22  4.209e-05  3.953e-02  8.451e-01  1.154e-01  1.518e-06  0.000e+00  0.000e+00  0.000e+00  0.000e+00  0.000e+00  0.000e+00  0.000e+00  0.000e+00  0.000e+00  0.000e+00 
 4.58   0.00     6.826e-04 -4.000  1.094e+00 0.650 4.436e+07 -1.225e-22  4.635e-05  4.136e-02  8.529e-01  1.057e-01  7.954e-07  0.000e+00  0.000e+00  0.000e+00  0.000e+00  0.000e+00  0.000e+00  0.000e+00  0.000e+00  0.000e+00  0.000e+00 
 4.57   0.00     6.826e-04 -4.000  1.093e+00 0.650 4.434e+07 -1.197e-22  5.064e-05  4.305e-02  8.597e-01  9.715e-02  4.993e-07  0.000e+00  0.000e+00  0.000e+00  0.000e+00  0.000e+00  0.000e+00  0.000e+00  0.000e+00  0.000e+00  0.000e+00 
 4.56   0.00     6.826e-04 -4.000  1.092e+00 0.651 4.424e+07 -1.172e-22  5.584e-05  4.504e-02  8.674e-01  8.755e-02  2.741e-07  0.000e+00  0.000e+00  0.000e+00  0.000e+00  0.000e+00  0.000e+00  0.000e+00  0.000e+00  0.000e+00  0.000e+00 
 4.55   0.00     6.826e-04 -4.000  1.089e+00 0.652 4.403e+07 -1.149e-22  6.230e-05  4.743e-02  8.759e-01  7.656e-02  1.169e-07  0.000e+00  0.000e+00  0.000e+00  0.000e+00  0.000e+00  0.000e+00  0.000e+00  0.000e+00  0.000e+00  0.000e+00 
 4.54   0.00     6.826e-04 -4.000  1.086e+00 0.652 4.373e+07 -1.130e-22  6.858e-05  4.959e-02  8.830e-01  6.733e-02  5.414e-08  0.000e+00  0.000e+00  0.000e+00  0.000e+00  0.000e+00  0.000e+00  0.000e+00  0.000e+00  0.000e+00  0.000e+00 
 4.53   0.00     6.826e-04 -4.000  1.084e+00 0.653 4.337e+07 -1.112e-22  7.505e-05  5.163e-02  8.889e-01  5.940e-02  2.938e-08  0.000e+00  0.000e+00  0.000e+00  0.000e+00  0.000e+00  0.000e+00  0.000e+00  0.000e+00  0.000e+00  0.000e+00 
 4.52   0.00     6.826e-04 -4.000  1.080e+00 0.654 4.291e+07 -1.096e-22  8.307e-05  5.414e-02  8.951e-01  5.073e-02  1.241e-08  0.000e+00  0.000e+00  0.000e+00  0.000e+00  0.000e+00  0.000e+00  0.000e+00  0.000e+00  0.000e+00  0.000e+00 
 4.51   0.00     6.826e-04 -4.000  1.075e+00 0.656 4.232e+07 -1.083e-22  9.326e-05  5.726e-02  9.015e-01  4.120e-02  2.248e-09  0.000e+00  0.000e+00  0.000e+00  0.000e+00  0.000e+00  0.000e+00  0.000e+00  0.000e+00  0.000e+00  0.000e+00 
 4.50   0.00     6.826e-04 -4.000  1.071e+00 0.657 4.169e+07 -1.073e-22  1.034e-04  6.020e-02  9.058e-01  3.393e-02  0.000e+00  0.000e+00  0.000e+00  0.000e+00  0.000e+00  0.000e+00  0.000e+00  0.000e+00  0.000e+00  0.000e+00  0.000e+00 
 4.49   0.00     6.826e-04 -4.000  1.066e+00 0.659 4.105e+07 -1.063e-22  1.143e-04  6.322e-02  9.085e-01  2.818e-02  0.000e+00  0.000e+00  0.000e+00  0.000e+00  0.000e+00  0.000e+00  0.000e+00  0.000e+00  0.000e+00  0.000e+00  0.000e+00 
 4.48   0.00     6.826e-04 -4.000  1.061e+00 0.660 4.030e+07 -1.055e-22  1.282e-04  6.705e-02  9.105e-01  2.234e-02  0.000e+00  0.000e+00  0.000e+00  0.000e+00  0.000e+00  0.000e+00  0.000e+00  0.000e+00  0.000e+00  0.000e+00  0.000e+00 
 4.47   0.00     6.826e-04 -4.000  1.053e+00 0.662 3.940e+07 -1.051e-22  1.469e-04  7.208e-02  9.113e-01  1.648e-02  0.000e+00  0.000e+00  0.000e+00  0.000e+00  0.000e+00  0.000e+00  0.000e+00  0.000e+00  0.000e+00  0.000e+00  0.000e+00 
 4.46   0.00     6.826e-04 -4.000  1.046e+00 0.664 3.852e+07 -1.047e-22  1.662e-04  7.718e-02  9.101e-01  1.261e-02  0.000e+00  0.000e+00  0.000e+00  0.000e+00  0.000e+00  0.000e+00  0.000e+00  0.000e+00  0.000e+00  0.000e+00  0.000e+00 
 4.45   0.00     6.826e-04 -4.000  1.040e+00 0.667 3.765e+07 -1.043e-22  1.880e-04  8.283e-02  9.071e-01  9.827e-03  0.000e+00  0.000e+00  0.000e+00  0.000e+00  0.000e+00  0.000e+00  0.000e+00  0.000e+00  0.000e+00  0.000e+00  0.000e+00 
 4.44   0.00     6.826e-04 -4.000  1.033e+00 0.669 3.666e+07 -1.044e-22  2.174e-04  9.024e-02  9.023e-01  7.239e-03  0.000e+00  0.000e+00  0.000e+00  0.000e+00  0.000e+00  0.000e+00  0.000e+00  0.000e+00  0.000e+00  0.000e+00  0.000e+00 
 4.43   0.00     6.826e-04 -4.000  1.024e+00 0.671 3.545e+07 -1.051e-22  2.591e-04  1.005e-01  8.944e-01  4.850e-03  0.000e+00  0.000e+00  0.000e+00  0.000e+00  0.000e+00  0.000e+00  0.000e+00  0.000e+00  0.000e+00  0.000e+00  0.000e+00 
 4.42   0.00     6.826e-04 -4.000  1.018e+00 0.674 3.432e+07 -1.057e-22  3.029e-04  1.110e-01  8.852e-01  3.492e-03  0.000e+00  0.000e+00  0.000e+00  0.000e+00  0.000e+00  0.000e+00  0.000e+00  0.000e+00  0.000e+00  0.000e+00  0.000e+00 
 4.41   0.00     6.826e-04 -4.000  1.012e+00 0.675 3.322e+07 -1.065e-22  3.544e-04  1.230e-01  8.741e-01  2.581e-03  0.000e+00  0.000e+00  0.000e+00  0.000e+00  0.000e+00  0.000e+00  0.000e+00  0.000e+00  0.000e+00  0.000e+00  0.000e+00 
 4.40   0.00     6.826e-04 -4.000  1.006e+00 0.677 3.194e+07 -1.079e-22  4.257e-04  1.388e-01  8.589e-01  1.783e-03  0.000e+00  0.000e+00  0.000e+00  0.000e+00  0.000e+00  0.000e+00  0.000e+00  0.000e+00  0.000e+00  0.000e+00  0.000e+00 
 4.39   0.00     6.826e-04 -4.000  9.987e-01 0.679 3.038e+07 -1.105e-22  5.303e-04  1.609e-01  8.375e-01  1.090e-03  0.000e+00  0.000e+00  0.000e+00  0.000e+00  0.000e+00  0.000e+00  0.000e+00  0.000e+00  0.000e+00  0.000e+00  0.000e+00 
 4.38   0.00     6.826e-04 -4.000  9.936e-01 0.681 2.906e+07 -1.126e-22  6.380e-04  1.829e-01  8.157e-01  7.428e-04  0.000e+00  0.000e+00  0.000e+00  0.000e+00  0.000e+00  0.000e+00  0.000e+00  0.000e+00  0.000e+00  0.000e+00  0.000e+00 
 4.37   0.00     6.826e-04 -4.000  9.887e-01 0.683 2.781e+07 -1.147e-22  7.651e-04  2.075e-01  7.912e-01  5.220e-04  0.000e+00  0.000e+00  0.000e+00  0.000e+00  0.000e+00  0.000e+00  0.000e+00  0.000e+00  0.000e+00  0.000e+00  0.000e+00 
 4.36   0.00     6.826e-04 -4.000  9.828e-01 0.684 2.640e+07 -1.177e-22  9.411e-04  2.395e-01  7.592e-01  3.367e-04  0.000e+00  0.000e+00  0.000e+00  0.000e+00  0.000e+00  0.000e+00  0.000e+00  0.000e+00  0.000e+00  0.000e+00  0.000e+00 
 4.35   0.00     6.826e-04 -4.000  9.750e-01 0.687 2.472e+07 -1.224e-22  1.198e-03  2.829e-01  7.157e-01  1.851e-04  0.000e+00  0.000e+00  0.000e+00  0.000e+00  0.000e+00  0.000e+00  0.000e+00  0.000e+00  0.000e+00  0.000e+00  0.000e+00 
 4.34   0.00     6.826e-04 -4.000  9.684e-01 0.690 2.344e+07 -1.258e-22  1.449e-03  3.229e-01  6.755e-01  1.174e-04  0.000e+00  0.000e+00  0.000e+00  0.000e+00  0.000e+00  0.000e+00  0.000e+00  0.000e+00  0.000e+00  0.000e+00  0.000e+00 
 4.33   0.00     6.826e-04 -4.000  9.614e-01 0.692 2.228e+07 -1.288e-22  1.735e-03  3.655e-01  6.327e-01  7.732e-05  0.000e+00  0.000e+00  0.000e+00  0.000e+00  0.000e+00  0.000e+00  0.000e+00  0.000e+00  0.000e+00  0.000e+00  0.000e+00 
 4.32   0.00     6.826e-04 -4.000  9.517e-01 0.695 2.102e+07 -1.329e-22  2.118e-03  4.178e-01  5.800e-01  4.552e-05  0.000e+00  0.000e+00  0.000e+00  0.000e+00  0.000e+00  0.000e+00  0.000e+00  0.000e+00  0.000e+00  0.000e+00  0.000e+00 
 4.31   0.00     6.826e-04 -4.000  9.378e-01 0.699 1.955e+07 -1.387e-22  2.652e-03  4.837e-01  5.137e-01  2.179e-05  0.000e+00  0.000e+00  0.000e+00  0.000e+00  0.000e+00  0.000e+00  0.000e+00  0.000e+00  0.000e+00  0.000e+00  0.000e+00 
 4.30   0.00     6.826e-04 -4.000  9.250e-01 0.704 1.853e+07 -1.420e-22  3.126e-03  5.374e-01  4.594e-01  1.254e-05  0.000e+00  0.000e+00  0.000e+00  0.000e+00  0.000e+00  0.000e+00  0.000e+00  0.000e+00  0.000e+00  0.000e+00  0.000e+00 
 4.29   0.00     6.826e-04 -4.000  9.107e-01 0.709 1.769e+07 -1.444e-22  3.633e-03  5.894e-01  4.070e-01  7.514e-06  0.000e+00  0.000e+00  0.000e+00  0.000e+00  0.000e+00  0.000e+00  0.000e+00  0.000e+00  0.000e+00  0.000e+00  0.000e+00 
 4.28   0.00     6.826e-04 -4.000  8.908e-01 0.716 1.680e+07 -1.471e-22  4.272e-03  6.474e-01  3.484e-01  3.900e-06  0.000e+00  0.000e+00  0.000e+00  0.000e+00  0.000e+00  0.000e+00  0.000e+00  0.000e+00  0.000e+00  0.000e+00  0.000e+00 
 4.27   0.00     6.826e-04 -4.000  8.610e-01 0.727 1.584e+07 -1.503e-22  5.105e-03  7.120e-01  2.828e-01  1.555e-06  0.000e+00  0.000e+00  0.000e+00  0.000e+00  0.000e+00  0.000e+00  0.000e+00  0.000e+00  0.000e+00  0.000e+00  0.000e+00 
 4.26   0.00     6.826e-04 -4.000  8.344e-01 0.737 1.530e+07 -1.499e-22  5.770e-03  7.573e-01  2.370e-01  7.904e-07  0.000e+00  0.000e+00  0.000e+00  0.000e+00  0.000e+00  0.000e+00  0.000e+00  0.000e+00  0.000e+00  0.000e+00  0.000e+00 
 4.25   0.00     6.826e-04 -4.000  8.051e-01 0.749 1.496e+07 -1.475e-22  6.442e-03  7.963e-01  1.973e-01  4.232e-07  0.000e+00  0.000e+00  0.000e+00  0.000e+00  0.000e+00  0.000e+00  0.000e+00  0.000e+00  0.000e+00  0.000e+00  0.000e+00 
 4.24   0.00     6.826e-04 -4.000  7.650e-01 0.765 1.474e+07 -1.432e-22  7.264e-03  8.355e-01  1.572e-01  1.906e-07  0.000e+00  0.000e+00  0.000e+00  0.000e+00  0.000e+00  0.000e+00  0.000e+00  0.000e+00  0.000e+00  0.000e+00  0.000e+00 
 4.23   0.00     6.826e-04 -4.000  7.071e-01 0.789 1.472e+07 -1.359e-22  8.304e-03  8.744e-01  1.174e-01  6.224e-08  0.000e+00  0.000e+00  0.000e+00  0.000e+00  0.000e+00  0.000e+00  0.000e+00  0.000e+00  0.000e+00  0.000e+00  0.000e+00 
 4.22   0.00     6.826e-04 -4.000  6.597e-01 0.810 1.503e+07 -1.266e-22  9.090e-03  8.978e-01  9.307e-02  2.813e-08  0.000e+00  0.000e+00  0.000e+00  0.000e+00  0.000e+00  0.000e+00  0.000e+00  0.000e+00  0.000e+00  0.000e+00  0.000e+00 
 4.21   0.00     6.826e-04 -4.000  6.107e-01 0.834 1.566e+07 -1.154e-22  9.881e-03  9.163e-01  7.383e-02  1.362e-08  0.000e+00  0.000e+00  0.000e+00  0.000e+00  0.000e+00  0.000e+00  0.000e+00  0.000e+00  0.000e+00  0.000e+00  0.000e+00 
 4.20   0.00     6.826e-04 -4.000  5.482e-01 0.865 1.685e+07 -1.010e-22  1.088e-02  9.334e-01  5.573e-02  5.433e-09  0.000e+00  0.000e+00  0.000e+00  0.000e+00  0.000e+00  0.000e+00  0.000e+00  0.000e+00  0.000e+00  0.000e+00  0.000e+00 
 4.19   0.00     6.826e-04 -4.000  4.658e-01 0.910 1.917e+07 -8.246e-23  1.216e-02  9.489e-01  3.892e-02  1.484e-09  0.000e+00  0.000e+00  0.000e+00  0.000e+00  0.000e+00  0.000e+00  0.000e+00  0.000e+00  0.000e+00  0.000e+00  0.000e+00 
 4.18   0.00     6.826e-04 -4.000  4.083e-01 0.945 2.174e+07 -6.846e-23  1.313e-02  9.571e-01  2.974e-02  6.162e-10  0.000e+00  0.000e+00  0.000e+00  0.000e+00  0.000e+00  0.000e+00  0.000e+00  0.000e+00  0.000e+00  0.000e+00  0.000e+00 
 4.17   0.00     6.826e-04 -4.000  3.552e-01 0.979 2.526e+07 -5.554e-23  1.413e-02  9.631e-01  2.282e-02  2.786e-10  0.000e+00  0.000e+00  0.000e+00  0.000e+00  0.000e+00  0.000e+00  0.000e+00  0.000e+00  0.000e+00  0.000e+00  0.000e+00 
 4.16   0.00     6.826e-04 -4.000  2.942e-01 1.023 3.129e+07 -4.198e-23  1.545e-02  9.680e-01  1.655e-02  1.017e-10  0.000e+00  0.000e+00  0.000e+00  0.000e+00  0.000e+00  0.000e+00  0.000e+00  0.000e+00  0.000e+00  0.000e+00  0.000e+00 
 4.15   0.00     6.826e-04 -4.000  2.235e-01 1.077 4.330e+07 -2.816e-23  1.727e-02  9.718e-01  1.091e-02  0.000e+00  0.000e+00  0.000e+00  0.000e+00  0.000e+00  0.000e+00  0.000e+00  0.000e+00  0.000e+00  0.000e+00  0.000e+00  0.000e+00 
 4.14   0.00     6.826e-04 -4.000  1.835e-01 1.111 5.566e+07 -2.075e-23  1.859e-02  9.733e-01  8.128e-03  0.000e+00  0.000e+00  0.000e+00  0.000e+00  0.000e+00  0.000e+00  0.000e+00  0.000e+00  0.000e+00  0.000e+00  0.000e+00  0.000e+00 
 4.13   0.00     6.826e-04 -4.000  1.501e-01 1.140 7.288e+07 -1.509e-23  2.003e-02  9.739e-01  6.077e-03  0.000e+00  0.000e+00  0.000e+00  0.000e+00  0.000e+00  0.000e+00  0.000e+00  0.000e+00  0.000e+00  0.000e+00  0.000e+00  0.000e+00 
 4.12   0.00     6.826e-04 -4.000  1.153e-01 1.173 1.043e+08 -1.001e-23  2.199e-02  9.737e-01  4.252e-03  0.000e+00  0.000e+00  0.000e+00  0.000e+00  0.000e+00  0.000e+00  0.000e+00  0.000e+00  0.000e+00  0.000e+00  0.000e+00  0.000e+00 
 4.11   0.00     6.826e-04 -4.000  7.860e-02 1.209 1.753e+08 -5.662e-24  2.484e-02  9.726e-01  2.628e-03  0.000e+00  0.000e+00  0.000e+00  0.000e+00  0.000e+00  0.000e+00  0.000e+00  0.000e+00  0.000e+00  0.000e+00  0.000e+00  0.000e+00 
 4.10   0.00     6.826e-04 -4.000  6.176e-02 1.227 2.457e+08 -3.883e-24  2.684e-02  9.712e-01  1.920e-03  0.000e+00  0.000e+00  0.000e+00  0.000e+00  0.000e+00  0.000e+00  0.000e+00  0.000e+00  0.000e+00  0.000e+00  0.000e+00  0.000e+00 
 4.09   0.00     6.826e-04 -4.000  4.831e-02 1.242 3.492e+08 -2.638e-24  2.912e-02  9.695e-01  1.398e-03  0.000e+00  0.000e+00  0.000e+00  0.000e+00  0.000e+00  0.000e+00  0.000e+00  0.000e+00  0.000e+00  0.000e+00  0.000e+00  0.000e+00 
 4.08   0.00     6.826e-04 -4.000  3.503e-02 1.256 5.513e+08 -1.614e-24  3.230e-02  9.667e-01  9.398e-04  0.000e+00  0.000e+00  0.000e+00  0.000e+00  0.000e+00  0.000e+00  0.000e+00  0.000e+00  0.000e+00  0.000e+00  0.000e+00  0.000e+00 
 4.07   0.00     6.826e-04 -4.000  2.178e-02 1.270 1.064e+09 -8.108e-25  3.708e-02  9.624e-01  5.384e-04  0.000e+00  0.000e+00  0.000e+00  0.000e+00  0.000e+00  0.000e+00  0.000e+00  0.000e+00  0.000e+00  0.000e+00  0.000e+00  0.000e+00 
 4.06   0.00     6.826e-04 -4.000  1.548e-02 1.278 1.661e+09 -5.026e-25  4.502e-02  9.547e-01  3.555e-04  0.000e+00  0.000e+00  0.000e+00  0.000e+00  0.000e+00  0.000e+00  0.000e+00  0.000e+00  0.000e+00  0.000e+00  0.000e+00  0.000e+00 
 4.05   0.00     6.826e-04 -4.000  1.034e-02 1.284 2.795e+09 -2.905e-25  5.983e-02  9.400e-01  2.185e-04  0.000e+00  0.000e+00  0.000e+00  0.000e+00  0.000e+00  0.000e+00  0.000e+00  0.000e+00  0.000e+00  0.000e+00  0.000e+00  0.000e+00 
 4.04   0.00     6.826e-04 -4.000  5.706e-03 1.289 5.935e+09 -1.345e-25  9.922e-02  9.007e-01  1.074e-04  0.000e+00  0.000e+00  0.000e+00  0.000e+00  0.000e+00  0.000e+00  0.000e+00  0.000e+00  0.000e+00  0.000e+00  0.000e+00  0.000e+00 
 4.03   0.00     6.826e-04 -4.000  2.013e-03 1.293 2.170e+10 -3.735e-26  3.575e-01  6.425e-01  2.493e-05  0.000e+00  0.000e+00  0.000e+00  0.000e+00  0.000e+00  0.000e+00  0.000e+00  0.000e+00  0.000e+00  0.000e+00  0.000e+00  0.000e+00 
 4.02   0.00     6.826e-04 -4.000  6.954e-04 1.295 6.893e+10 -1.118e-26  4.635e-01  5.365e-01  6.109e-06  0.000e+00  0.000e+00  0.000e+00  0.000e+00  0.000e+00  0.000e+00  0.000e+00  0.000e+00  0.000e+00  0.000e+00  0.000e+00  0.000e+00 
 4.01   0.00     6.826e-04 -4.000  3.792e-04 1.295 1.400e+11 -5.372e-27  4.765e-01  5.235e-01  2.705e-06  0.000e+00  0.000e+00  0.000e+00  0.000e+00  0.000e+00  0.000e+00  0.000e+00  0.000e+00  0.000e+00  0.000e+00  0.000e+00  0.000e+00 
 4.00   0.00     6.826e-04 -4.000  2.298e-04 1.295 2.574e+11 -2.794e-27  4.910e-01  5.090e-01  1.212e-06  0.000e+00  0.000e+00  0.000e+00  0.000e+00  0.000e+00  0.000e+00  0.000e+00  0.000e+00  0.000e+00  0.000e+00  0.000e+00  0.000e+00 
 3.99   0.00     6.826e-04 -4.000  1.515e-04 1.296 4.539e+11 -1.545e-27  5.089e-01  4.911e-01  5.176e-07  0.000e+00  0.000e+00  0.000e+00  0.000e+00  0.000e+00  0.000e+00  0.000e+00  0.000e+00  0.000e+00  0.000e+00  0.000e+00  0.000e+00 
 3.98   0.00     6.826e-04 -4.000  9.801e-05 1.296 7.586e+11 -8.999e-28  5.358e-01  4.642e-01  1.323e-07  0.000e+00  0.000e+00  0.000e+00  0.000e+00  0.000e+00  0.000e+00  0.000e+00  0.000e+00  0.000e+00  0.000e+00  0.000e+00  0.000e+00 
 3.97   0.00     6.826e-04 -4.000  5.920e-05 1.296 1.411e+12 -4.680e-28  5.789e-01  4.211e-01  0.000e+00  0.000e+00  0.000e+00  0.000e+00  0.000e+00  0.000e+00  0.000e+00  0.000e+00  0.000e+00  0.000e+00  0.000e+00  0.000e+00  0.000e+00 
 3.96   0.00     6.826e-04 -4.000  4.875e-05 1.296 2.017e+12 -3.242e-28  6.005e-01  3.995e-01  0.000e+00  0.000e+00  0.000e+00  0.000e+00  0.000e+00  0.000e+00  0.000e+00  0.000e+00  0.000e+00  0.000e+00  0.000e+00  0.000e+00  0.000e+00 
 3.95   0.00     6.826e-04 -4.000  3.853e-05 1.296 3.048e+12 -2.097e-28  6.285e-01  3.715e-01  0.000e+00  0.000e+00  0.000e+00  0.000e+00  0.000e+00  0.000e+00  0.000e+00  0.000e+00  0.000e+00  0.000e+00  0.000e+00  0.000e+00  0.000e+00 
 3.94   0.00     6.826e-04 -4.000  3.096e-05 1.296 4.257e+12 -1.467e-28  6.582e-01  3.418e-01  0.000e+00  0.000e+00  0.000e+00  0.000e+00  0.000e+00  0.000e+00  0.000e+00  0.000e+00  0.000e+00  0.000e+00  0.000e+00  0.000e+00  0.000e+00 
 3.93   0.00     6.826e-04 -4.000  2.538e-05 1.296 5.800e+12 -1.052e-28  6.880e-01  3.120e-01  0.000e+00  0.000e+00  0.000e+00  0.000e+00  0.000e+00  0.000e+00  0.000e+00  0.000e+00  0.000e+00  0.000e+00  0.000e+00  0.000e+00  0.000e+00 
 3.92   0.00     6.826e-04 -4.000  2.111e-05 1.296 7.812e+12 -7.635e-29  7.177e-01  2.823e-01  0.000e+00  0.000e+00  0.000e+00  0.000e+00  0.000e+00  0.000e+00  0.000e+00  0.000e+00  0.000e+00  0.000e+00  0.000e+00  0.000e+00  0.000e+00 
 3.91   0.00     6.826e-04 -4.000  1.769e-05 1.296 1.050e+13 -5.555e-29  7.471e-01  2.529e-01  0.000e+00  0.000e+00  0.000e+00  0.000e+00  0.000e+00  0.000e+00  0.000e+00  0.000e+00  0.000e+00  0.000e+00  0.000e+00  0.000e+00  0.000e+00 
 3.90   0.00     6.826e-04 -4.000  1.491e-05 1.296 1.342e+13 -4.246e-29  7.756e-01  2.244e-01  0.000e+00  0.000e+00  0.000e+00  0.000e+00  0.000e+00  0.000e+00  0.000e+00  0.000e+00  0.000e+00  0.000e+00  0.000e+00  0.000e+00  0.000e+00 
 3.89   0.00     6.826e-04 -4.000  1.261e-05 1.296 1.704e+13 -3.267e-29  8.025e-01  1.975e-01  0.000e+00  0.000e+00  0.000e+00  0.000e+00  0.000e+00  0.000e+00  0.000e+00  0.000e+00  0.000e+00  0.000e+00  0.000e+00  0.000e+00  0.000e+00 
